629 444
444 655
655 467
901 96
96 905
905 208
208 916
24 918
918 920
920 722
722 921
935 647
56 693
693 70
678 942
942 407
407 832
832 407
407 404
404 738
738 400
531 418
418 569
298 580
580 62
62 547
547 939
732 624
624 754
286 292
292 965
965 963
603 243
243 515
515 221
221 108
108 517
24 457
457 266
266 270
270 322
322 318
318 246
246 970
959 284
284 292
292 959
959 288
616 906
906 598
598 946
946 266
30 603
122 221
20 623
30 17
17 20
20 67
227 515
268 980
905 893
893 230
230 227
227 405
405 402
133 100
100 99
31 979
979 977
977 978
19 268
291 284
284 961
961 938
292 702
290 255
255 39
21 734
734 29
29 88
88 185
425 938
117 123
123 119
119 115
115 116
116 603
603 225
225 108
108 603
603 108
108 322
322 292
292 289
289 598
697 694
694 767
711 295
295 558
558 569
653 369
296 292
292 958
584 274
958 225
225 515
515 30
30 763
763 609
609 458
458 610
610 271
271 295
295 842
842 19
19 315
315 482
482 145
145 149
149 918
918 919
919 19
19 722
722 725
725 640
640 282
282 278
278 555
555 764
764 19
19 323
323 25
25 986
149 78
78 848
848 72
523 765
698 870
870 241
241 527
527 600
600 483
434 240
240 599
599 256
256 173
173 175
175 98
98 173
173 174
174 856
856 854
854 177
304 803
803 799
799 21
21 22
22 374
374 74
74 778
563 561
174 47
47 752
752 383
383 145
145 950
324 817
788 787
787 784
993 994
994 1000
1000 758
758 999
999 1001
660 561
561 204
204 550
993 1005
1005 175
175 1005
1005 996
996 852
852 78
78 930
664 668
668 1007
1012 97
97 1013
1013 97
795 1034
1034 1020
1020 413
413 1031
1031 500
500 1024
1024 87
87 1041
1041 1040
1037 1023
1023 319
319 941
941 185
185 43
1007 1014
1014 837
837 983
983 841
1045 1050
1050 1049
1049 60
60 1049
1049 133
133 1049
1049 637
637 1049
1049 1043
1043 871
871 1043
1043 1047
1047 1031
1031 15
15 1031
1031 44
44 1031
1031 1007
1007 605
605 984
984 605
1049 60
1057 221
20 25
25 791
791 795
795 789
789 1026
1026 770
770 227
227 1019
1019 791
1057 1052
795 1034
1075 1074
1074 246
246 882
882 24
1031 1020
1020 906
906 127
984 605
984 605
605 984
984 605
605 221
221 605
605 318
318 223
223 984
278 1037
1037 770
770 765
765 822
822 601
601 175
558 530
530 1005
984 605
605 984
984 605
605 20
238 173
173 949
984 605
605 984
984 5
984 605
955 288
262 257
984 605
871 586
586 287
287 601
601 329
329 531
748 447
447 24
24 307
235 913
913 1002
1002 930
930 204
746 968
968 20
20 229
229 181
181 406
406 176
176 128
128 373
570 207
207 1007
1007 984
984 605
605 515
515 605
605 984
984 223
223 605
319 29
29 595
595 636
636 595
595 789
101 1013
1013 118
1103 1102
334 612
612 611
611 609
609 910
910 100
100 99
99 100
150 593
593 158
75 954
954 822
822 68
414 506
506 354
354 324
207 795
795 861
861 856
856 253
253 792
792 204
204 913
913 848
848 935
935 860
860 61
61 818
818 146
146 150
150 295
295 1074
1074 323
323 268
268 1079
1079 1007
1007 246
461 498
498 493
493 498
1009 815
815 1001
1057 517
330 264
1024 795
795 1027
451 1074
1074 515
296 487
487 266
1056 296
29 374
374 365
555 556
556 451
451 552
474 1109
1109 276
276 1109
1109 601
1097 224
365 989
989 866
866 919
919 283
283 276
276 1109
1109 610
610 17
17 773
773 99
99 902
902 132
280 277
277 284
284 725
725 726
726 921
921 777
777 921
921 918
47 417
849 1019
535 1110
1110 636
636 779
779 595
595 795
795 192
192 795
795 192
207 584
584 588
588 616
616 112
112 912
912 387
387 69
69 62
62 250
1110 19
19 601
601 21
21 24
1085 1089
1007 515
515 246
246 1007
1007 223
223 984
984 245
245 603
603 985
985 925
925 315
315 18
18 83
83 594
594 852
852 458
458 461
461 471
471 259
259 611
611 610
610 469
469 458
458 607
607 475
475 452
452 612
612 334
334 345
345 1099
1099 1035
1035 471
471 452
452 259
1120 1113
1113 1114
1114 1122
1122 203
203 955
955 758
758 1127
1127 957
957 704
704 64
1120 1124
1124 1126
1126 1122
52 87
1130 35
35 1130
938 1118
1118 139
139 136
136 1120
1120 149
149 965
965 496
21 1149
938 1182
1182 1187
1187 292
1125 1119
1119 1162
199 1120
938 451
1188 1035
1202 1190
1190 287
287 1203
1203 287
287 939
939 288
288 961
961 1190
1190 593
593 1204
1204 1205
1205 1078
1078 295
295 1196
1196 1206
1206 938
63 64
64 704
377 383
1124 1125
1125 1124
1124 181
181 1124
298 295
1212 938
938 1212
1063 1221
1221 1219
1217 1218
1218 29
29 1218
1218 1219
1219 19
605 1007
1007 295
295 1007
292 737
737 729
729 694
694 980
980 1144
396 398
398 396
396 1212
1212 938
938 1212
1212 1117
1117 1113
1113 1193
33 38
38 35
35 33
33 35
43 213
213 740
740 942
758 307
307 39
39 631
601 28
28 472
907 899
899 74
121 120
120 318
318 29
601 596
596 640
640 515
515 601
601 605
551 341
825 45
45 618
618 742
387 1002
788 91
91 783
469 456
456 276
276 609
609 607
607 471
471 1240
1240 1199
1199 451
451 415
415 1237
1237 1195
1195 1197
519 226
1134 832
832 403
403 458
458 288
1261 1260
660 204
204 755
1170 889
1120 1122
1122 1124
226 1195
1195 262
1190 1200
1200 592
1284 1279
1279 677
677 1118
1081 537
537 527
527 870
870 1043
1043 601
601 870
870 1046
1292 1231
1231 758
969 476
476 849
330 1056
301 428
428 427
427 428
428 301
301 694
21 799
1273 622
622 425
425 430
430 351
901 916
490 833
833 1132
1132 352
352 848
631 547
547 1167
1167 601
601 1044
1044 698
255 922
922 832
832 784
784 255
255 1259
889 1259
1259 253
731 1017
1017 954
954 352
1002 1335
1335 1334
1334 1325
1325 1331
1331 1061
1061 1067
1067 748
748 550
550 1002
1002 1205
1205 1327
1348 1315
215 1283
1283 1282
1282 38
1350 1065
1281 851
851 1002
1002 1283
349 352
352 1019
1019 550
550 938
938 1123
1123 1113
1248 1247
1126 1124
292 287
1362 573
573 1362
1127 1292
1292 1339
1339 818
818 1339
1339 1332
1332 1291
1291 1290
730 70
70 1084
1084 70
1311 27
27 190
190 448
448 190
190 27
27 1311
1311 651
651 1363
1363 1311
1311 1244
1244 1311
1311 649
649 207
207 175
175 98
187 898
234 913
913 1061
1061 503
77 1165
1165 235
235 1272
1272 235
1120 24
614 1116
1116 614
1052 1115
1115 1388
1388 1392
1127 1279
1279 1280
1179 271
954 1415
1415 1417
1119 839
839 192
947 444
444 1380
1380 448
448 145
551 440
440 425
425 351
833 1444
1444 1303
1303 649
649 207
1113 601
276 469
469 607
607 471
471 1195
1195 1197
1197 451
451 1252
1252 1199
1199 458
458 472
472 469
469 1461
1461 70
70 456
456 1461
1461 275
275 257
257 1294
1294 286
286 613
1109 988
988 627
627 1190
1190 584
584 938
938 1238
146 593
954 733
733 758
446 1072
29 586
979 98
330 101
101 1229
1229 1035
1035 1241
1241 1242
1242 988
988 187
187 161
161 1369
1369 938
930 547
547 1230
476 275
275 726
726 1510
1510 1511
1511 773
1002 1369
1369 930
930 1325
1325 1276
634 644
644 1272
74 1065
644 1497
1497 523
763 1589
1589 1027
1580 1581
1581 452
452 1582
1582 452
452 1641
1575 425
425 773
582 585
877 1389
954 410
410 1193
1193 1554
1554 1296
1296 1367
1367 149
300 1690
1690 714
714 524
579 539
539 1352
1712 309
309 1636
1636 81
81 309
309 1712
1712 709
709 1712
1712 710
791 1227
1227 1208
1208 712
712 1362
1362 840
840 625
625 843
843 62
74 1575
1575 773
677 1676
1676 43
43 882
882 1676
1676 570
570 140
140 1542
1542 1678
318 980
980 20
20 1023
1023 1433
1433 1651
235 1369
1369 78
864 453
1095 501
501 1113
217 1648
1648 217
217 1294
1731 75
75 192
192 1178
1178 194
194 1452
738 403
403 609
609 334
334 1199
1199 458
458 1279
1279 890
1127 878
878 365
365 880
451 407
156 1229
1229 1232
1666 288
288 1686
1686 1190
1190 1205
1205 1119
1119 1440
1440 1660
286 290
290 288
1240 407
407 296
296 295
295 1074
1240 1764
1734 1564
1281 1285
1285 1284
1284 1283
1283 1287
1809 1817
1024 1547
1547 1804
1804 250
250 1834
1834 1835
1835 1841
1841 1012
1012 1433
1433 1791
1791 1678
1678 1788
171 176
176 1433
1433 1874
1874 1871
1871 175
175 636
636 1535
245 519
519 74
74 72
1117 1364
1901 187
187 878
878 880
318 1501
1119 1737
206 1353
1353 206
206 1137
1863 1864
1864 1402
1402 1053
1053 1052
1052 1392
1392 1052
1052 1918
1918 1634
623 625
625 74
74 468
468 467
467 462
462 726
726 462
462 864
1364 1967
1967 1981
1981 971
1143 1113
1113 1684
1389 1265
1978 881
881 53
53 1053
1053 1399
283 293
2029 2033
1081 1986
1986 1043
1043 1046
2026 2023
2023 2029
2029 2051
2051 2047
1966 995
144 890
1359 525
525 1604
1604 1605
1126 1745
1745 1218
1218 20
20 940
425 858
858 795
795 1972
1972 858
858 795
795 249
249 827
827 242
1686 1852
585 146
153 351
351 429
429 1175
1218 268
268 1933
1933 1207
1207 1227
1227 1207
1207 1933
1933 268
268 1218
1191 1498
1498 562
562 1
1420 823
823 452
452 765
765 1230
1093 1046
1046 1693
1693 1325
1325 1693
1693 773
773 878
878 1199
1199 704
704 570
570 860
860 1497
1497 132
132 173
173 175
175 1666
1666 207
207 1944
1944 374
374 74
74 1735
1735 758
758 878
878 881
881 74
74 2044
389 851
851 719
719 1369
1369 979
1219 245
909 1975
1975 937
937 939
939 287
287 1190
899 207
207 1389
1389 599
599 1739
1739 1558
1558 922
922 1332
1332 1290
1290 1158
910 1348
1348 910
1333 1276
1276 1333
310 1120
1120 78
1983 47
47 383
383 72
72 1635
1983 784
784 2082
1696 1690
2084 2087
287 292
292 1119
1119 167
167 170
170 164
692 2096
2096 1978
1978 2121
2121 2120
2120 694
1065 490
490 1065
1065 1903
1903 490
490 1065
342 687
687 1088
1088 2015
2015 2016
994 339
859 860
1240 458
458 1776
1776 2064
2064 1772
1772 1776
1072 1924
1924 287
1184 281
292 287
1929 296
296 1246
1246 299
299 554
554 2069
2069 460
460 1234
1234 332
332 2105
2105 330
907 1542
938 2147
2147 287
287 958
958 287
287 593
593 2149
721 169
1113 1831
1831 2114
2114 2116
1773 1376
2160 799
799 2144
1187 287
287 1692
1692 701
288 1376
1376 1237
1237 1238
1440 840
840 1441
1441 1901
948 2115
2115 2177
2177 694
694 1800
1800 2114
1800 2118
2214 1356
1501 2205
2205 1116
1116 288
288 451
451 1179
1179 1180
1180 1181
1181 1372
1372 1251
1831 1017
1017 428
1558 601
601 1173
1173 1080
2232 1292
1292 74
74 1369
1369 2114
771 1123
1207 418
1799 2249
2249 2250
2250 1356
2122 2123
2123 1799
1017 352
352 1020
1020 2123
2123 1356
1356 1784
1784 1356
1356 1863
1863 1547
1547 2214
2214 1784
1784 2213
2213 1358
1358 1020
1020 1356
264 1101
1101 264
264 1195
1195 2105
2105 1234
40 1017
1017 1831
1831 500
1287 1636
1636 1287
1287 1586
1586 1287
1287 1281
1281 1279
1279 1940
447 2211
2211 1973
849 2059
2059 288
1126 1251
2067 292
292 1244
23 192
28 1037
28 18
18 976
1007 1501
2009 320
320 1007
1007 605
605 267
267 2009
28 1037
1110 506
506 425
425 1509
18 308
308 1901
1901 955
955 383
18 979
195 374
18 268
28 1208
1208 27
27 1756
2271 1597
1597 2253
18 1901
861 171
171 912
912 174
174 912
912 171
2175 718
718 1634
916 1392
1392 1680
1207 246
451 469
469 1199
1199 1251
2151 462
462 775
777 1978
1978 880
1461 609
609 612
612 2273
2273 611
611 1218
1291 1332
1332 1290
1290 1964
1964 1290
1290 1332
837 1537
1537 837
940 1311
20 977
1432 61
61 62
62 1432
1432 2333
2333 2334
2334 173
173 112
112 617
1954 191
191 43
43 2311
2311 2037
2037 1279
1182 147
147 1182
2095 2116
907 508
508 542
1888 230
230 211
211 894
894 217
217 1438
1438 2352
2352 1846
1004 54
54 367
367 399
19 1207
43 882
882 1072
1072 1279
978 1227
1227 2409
2409 976
601 527
527 1043
1043 21
21 1858
1858 1693
30 17
17 693
693 578
578 2144
26 177
21 797
797 48
551 2422
2422 1224
1224 1119
1119 1224
1890 1084
1084 2222
2290 2289
21 803
618 171
171 2144
2144 2433
2433 2144
2144 2435
2435 204
204 2439
1936 1451
24 295
295 320
320 1007
1615 767
767 581
581 1628
1628 1640
1640 1639
1052 1099
19 1686
1628 519
20 1222
30 21
2259 2384
2384 740
740 489
489 829
829 489
176 406
2252 1918
1918 2252
738 2265
2265 1240
1223 869
869 601
2456 614
614 1392
1392 1599
18 977
977 976
976 18
21 207
207 174
174 795
795 250
250 687
687 250
250 795
795 174
174 207
207 21
20 940
940 22
22 1929
1929 2305
2305 307
896 2305
2305 594
594 2149
2149 2194
2194 2044
2044 1535
147 146
146 593
1196 321
29 74
1132 43
43 1924
1924 365
365 1654
1654 1888
1888 288
288 1294
1359 1357
1357 2398
2398 2060
2060 525
2188 2342
2342 2280
2280 2249
2249 1799
19 1785
1785 892
22 2167
2167 1081
1081 1700
1700 1046
1046 698
698 704
17 1038
1038 988
988 70
70 815
815 2222
2222 592
592 593
593 592
592 593
593 2289
2289 1240
1240 334
334 1223
1223 873
1196 2497
2497 2175
1355 1320
2186 1392
1392 2483
2483 2487
1138 1009
1009 1043
1043 1896
1896 362
362 24
1859 1982
1982 957
957 1545
1545 530
530 1545
1545 530
530 2419
2419 535
535 2419
1883 2291
2291 475
288 229
229 1931
452 2273
2526 2528
2528 135
135 2527
2527 2539
2539 2236
2236 2533
2533 2527
2527 2524
2524 1922
24 457
457 1746
1746 1196
1196 1195
1195 2105
2105 259
259 257
257 1195
1195 451
451 1614
1614 876
876 963
963 584
584 1338
1338 217
217 72
2434 1432
1376 257
257 330
2544 611
611 2545
2545 610
610 1126
1126 2553
2553 2554
1231 1549
1549 1230
1219 1207
1973 2501
2501 2561
2561 2555
1238 586
586 593
593 271
271 1377
1377 1379
2542 1657
1657 288
210 1134
1134 1853
1853 1337
1337 2464
2580 2496
2496 2580
2580 1187
2580 1190
1190 2580
2580 1190
1190 958
958 2341
2341 1238
1238 1190
1190 1356
1356 2263
1593 1898
1898 159
159 146
146 587
1305 2229
2229 665
1966 680
680 351
886 1450
1450 886
1678 2156
2156 687
687 644
644 1542
2122 2250
530 2186
2186 530
2553 1718
1718 2553
2553 2589
2589 2553
2553 1718
2483 2487
2487 2483
2483 1799
937 1992
23 21
21 1615
1615 367
814 973
973 410
1055 1085
2151 2153
2153 407
1124 964
1407 936
936 2589
2589 2610
1272 581
1863 1418
1418 1415
1799 2483
2483 2399
2399 499
499 2626
2626 47
47 1897
1897 1788
1788 1841
2640 2029
25 2652
2652 1433
2629 2663
2663 2614
2668 2670
2679 2673
2352 2096
2544 2706
725 741
741 1484
1356 2123
2123 2122
2122 1356
1356 2721
2721 1138
1138 2487
2487 1697
1697 1356
1356 2721
2721 67
2631 1208
64 584
584 966
889 53
2557 2561
1561 858
1205 2725
2725 146
1934 1225
1225 319
319 1225
1741 1737
1737 625
625 351
704 943
943 2150
2150 738
211 1438
1438 2008
1872 171
171 112
2764 2767
447 653
653 2769
2769 651
19 823
823 822
1600 2510
2510 1369
1369 2784
2784 1576
1576 2782
1298 408
408 1276
1276 408
408 745
2802 2801
2801 2806
2818 2816
2816 535
535 2343
2343 2819
2819 338
2456 769
1339 818
2823 2822
2822 267
267 223
207 857
857 1287
1287 1279
1769 1766
2840 2841
2841 2838
2838 2835
2835 2846
2846 2839
2839 462
1770 2384
2384 2387
784 2577
2577 2855
25 2696
1800 2117
2117 203
203 2156
288 2724
2724 961
961 288
288 2542
2542 1762
1762 2734
2734 1206
1206 2870
2870 2286
2848 295
295 2863
2863 2493
2493 1196
1196 246
246 1501
1501 1056
1056 330
330 2578
2868 1269
1269 933
2859 2871
2871 1129
1129 287
287 1129
1129 2871
2871 2864
2833 2832
2832 1135
1135 2833
2833 2832
2832 1135
1135 2862
2862 1190
1190 2872
2872 1251
1251 1205
2851 2852
2852 1508
1508 2869
2869 964
964 2497
2497 465
465 976
2843 2828
2828 2756
2756 2829
2829 2828
2828 1769
1769 738
610 2544
2544 2553
2553 2552
2552 2844
2844 2575
2575 2855
775 104
104 1846
1444 1380
1380 1300
1096 522
522 2337
2841 2840
288 966
966 1032
601 527
2879 2880
2880 2877
2877 2881
2883 2117
2117 2883
1252 1738
1738 1558
1558 1738
1738 2726
2726 1085
1085 1232
1184 1407
836 558
558 1578
1578 558
558 1678
1827 1358
2892 2889
2889 1567
1567 2328
2172 2171
2232 2236
2243 964
1127 1740
1740 1119
1119 51
51 964
964 74
74 878
878 213
213 214
1171 1317
1317 1949
2056 2541
2541 890
292 880
880 2580
2580 2172
2172 1358
1358 964
964 1737
1737 1119
1119 1160
1160 43
43 2089
2089 43
2065 1737
1988 2110
1896 2053
1743 85
85 43
43 1072
444 1567
1567 1943
1195 2105
2938 2939
2939 2938
2938 656
656 211
82 2947
818 1292
1292 2280
2280 2368
2368 1290
939 146
976 864
2970 2520
1016 1294
47 1450
323 1217
1501 1222
1222 980
980 2626
2626 1621
1621 1365
1365 1895
889 2530
889 53
1223 601
601 1226
1226 1004
1004 418
418 1043
1043 507
507 1122
1122 662
662 1115
3007 3004
856 619
619 857
976 832
29 1225
1225 2333
452 2295
2122 2123
2123 2885
924 24
24 924
924 898
898 1929
1929 2305
2305 1929
1929 2873
2873 1072
1072 2920
1799 2281
2281 495
1357 1957
1957 1359
2122 3034
1567 742
1841 1147
1147 2490
2490 3023
1799 2280
2280 2249
2249 2487
2487 1799
1799 2399
2399 2566
2566 2413
2413 2487
2487 2483
2483 1679
1679 250
250 207
207 795
3049 3048
1049 1282
1282 1049
1049 934
1357 1957
2269 1126
1928 1208
1900 53
53 1368
1368 72
2205 2954
2954 369
369 1338
1338 369
369 446
1795 2276
2276 158
158 2174
2174 1127
1127 1292
1079 1073
524 2178
2178 1207
1207 1208
833 899
2082 2519
2519 2520
2520 2182
2182 2971
2971 2972
2972 2178
1055 1207
1207 230
1614 1202
1504 656
1912 1476
1620 45
24 1365
1365 24
1212 938
938 1676
1676 943
943 938
938 1126
1126 1125
1125 176
176 1425
1425 171
171 2071
2071 857
857 584
584 146
146 1176
1176 3039
3039 445
445 1380
1380 1132
1132 1450
1450 383
383 1626
2429 1032
1032 3097
3097 3096
3096 2429
2429 1944
1944 1778
1778 194
1417 1402
1402 1080
318 29
3107 3104
3104 3103
3103 1126
1126 651
651 2518
2518 2973
2973 2970
2970 893
1020 2920
2920 22
22 890
890 2518
176 2760
815 592
592 938
938 217
217 298
1979 1210
1210 2905
1979 407
407 2128
2128 2283
1251 452
1138 2487
2487 1799
1799 2483
2483 1799
1799 2122
2122 2893
2893 2122
2122 2487
2487 2399
2399 2487
2487 2122
487 1885
1885 2294
2294 334
334 2387
2387 1772
1772 330
330 101
101 1013
1013 1229
63 3124
3124 1554
2495 2201
1050 3057
29 374
374 29
29 1895
1895 28
28 1208
1728 156
25 15
15 176
176 878
127 1022
1785 2724
3941 3922
3922 3925
3925 4131
4131 4133
948 303
303 3583
3583 3328
3328 35
35 4783
4783 268
268 19
19 4939
3592 3538
3538 3682
1501 3639
3639 3318
3318 471
471 4688
144 1584
51 1229
882 1954
1954 3038
1575 425
425 680
680 1576
1576 1572
1572 1575
1575 680
973 1921
1921 352
27 2626
2626 4091
2568 2311
267 1501
1501 243
243 267
4222 11809
11809 738
10444 10442
10442 40
40 3097
3097 576
11275 11279
11279 10768
10768 1676
1676 10956
10956 10954
10954 10768
24 1063
1063 24
24 11348
11348 10444
10444 11348
11348 10840
10840 11348
11348 11028
11028 11348
11348 11028
11028 10445
10445 10451
10451 10452
10452 4359
4359 10198
10198 10498
10498 687
687 292
292 3527
3527 10223
10223 10267
10267 10175
10175 10786
10786 10190
10190 11078
10768 10954
10954 938
580 579
4765 22
3096 2429
3186 835
835 315
315 295
295 24
1135 11290
11290 2068
2068 335
335 1100
570 2575
2575 140
140 138
138 1208
11777 11270
11270 11778
268 1226
1226 812
812 2991
2991 2147
961 832
1738 4974
1440 965
965 893
893 894
894 211
211 890
890 79
79 803
803 1266
1266 1756
1756 1017
1017 1369
1369 577
577 78
1267 673
673 10561
10561 11496
11496 11163
10713 11709
11709 11710
11758 11042
10208 11415
11415 11175
11175 10177
10177 10737
10737 10747
11544 10855
2559 11843
11843 10793
10644 10295
10295 10788
10788 10846
11844 10443
1223 2742
2742 2736
2880 50
50 167
167 1347
1347 78
78 156
156 1808
1808 2186
2186 614
614 1542
1196 283
283 938
938 275
275 959
959 3140
2862 2832
2832 1772
278 969
969 288
288 49
49 1897
1897 145
145 1447
1447 1221
1221 320
320 704
704 490
490 1060
1060 616
616 207
207 288
288 1125
1125 171
735 2142
12133 2894
377 763
763 1826
1826 763
763 377
377 380
380 53
53 72
425 439
439 1576
1576 287
330 33
33 2472
2472 1824
1824 1211
1211 357
357 235
176 287
287 2063
2063 1776
1776 2267
2267 1438
1438 2400
2400 2514
2514 1331
1331 235
235 1402
1402 1400
1400 1538
1538 1400
1400 2771
2771 1418
1418 2777
2777 1227
1227 1207
1207 20
20 2449
2449 2412
2412 1938
1938 2408
2408 20
20 288
288 2994
2994 2562
2562 848
848 4959
4959 21
21 48
48 177
177 48
48 802
802 1381
1381 2301
2301 481
481 2953
2953 1893
1893 44
44 950
950 1998
1998 3039
3039 269
269 714
714 524
524 1162
1162 1166
1166 2863
2863 2454
227 1207
1207 1073
1073 323
323 985
985 2313
2313 261
261 1056
1056 2863
2863 323
323 1219
2004 1504
2368 4977
211 126
1863 1636
1636 1282
1282 1287
1287 1282
1282 1636
1636 1863
922 1826
1826 1901
1901 2305
2305 43
1443 2054
2054 1356
1356 287
287 1356
2722 1356
1356 1783
786 1831
1831 12131
12131 1796
1796 899
899 11334
1016 2269
2269 288
288 966
966 1690
1690 1696
1696 12144
2156 2018
2018 2370
2327 1115
60 902
2229 662
1418 2771
2771 1392
1392 1096
1096 316
11334 2373
1205 1328
11370 3733
4553 4288
4288 354
354 11830
11830 4219
4219 10717
10717 4147
4147 10803
10803 10368
10368 10719
10719 4184
1389 846
846 955
955 12158
12158 204
204 3013
3013 847
847 1522
1522 44
44 844
844 1957
11593 10832
10187 11745
11745 10522
10522 10938
1205 1328
1328 1346
1346 1328
1328 1205
1205 1200
2294 2295
20 399
399 1057
2198 1119
1119 647
647 3043
3043 3046
3046 1272
1272 520
520 2066
2066 1597
1597 1119
1119 1432
1432 617
1824 1410
1410 738
738 1191
1824 1369
1369 719
11959 11923
11923 11745
11745 11923
142 898
898 295
295 2920
2920 959
204 687
687 2177
2177 1019
1019 1554
1554 791
791 352
352 2952
2952 2955
2955 1356
3152 2954
2954 3151
3151 3153
3153 3006
3006 3004
3004 2632
2632 3004
3004 1023
1023 4006
4006 18
18 1855
1855 3008
3008 2696
2696 3007
3007 1208
1691 4983
4983 2541
296 2727
2727 976
976 2733
2733 2852
2852 2762
2762 938
1596 146
146 1611
1611 1875
1875 167
2757 2762
1532 3022
3022 1113
1113 3022
1896 2576
2576 11976
11976 12172
12172 12174
1459 1281
28 11078
11078 11558
11558 11078
11078 28
28 11078
11078 11413
1876 1011
89 12537
12539 12540
12540 843
235 550
550 4981
231 12543
1122 1125
1125 203
558 1433
1433 558
3082 714
714 43
154 250
250 1895
1895 91
91 2429
2429 1005
1005 616
616 440
440 436
436 440
430 429
429 1509
1208 18
78 1348
1002 1369
1369 1002
146 2890
2890 12548
12548 12549
1002 12328
12328 1002
369 629
629 627
627 72
1403 1936
1936 18
3692 1954
1954 10768
10768 3692
3692 2617
81 1369
1369 880
880 81
831 1512
1512 81
629 630
1508 2151
2151 286
286 938
1241 462
462 659
659 658
658 1912
1912 2493
2493 2863
2863 103
103 902
902 2791
2791 260
260 60
60 390
390 1973
1973 288
288 2950
2950 593
593 2602
2602 287
287 3051
3051 299
299 2299
2299 2828
1222 2406
2877 570
570 12174
12174 2358
2358 11976
10768 10771
10771 10768
11334 1554
10768 10318
10318 10768
10768 10263
10263 429
1115 938
938 1942
1942 3315
3315 1501
1501 3315
3114 764
764 1205
1205 1356
45 2533
292 1620
3059 25
10484 11204
1063 55
55 224
224 225
225 223
223 293
293 1208
818 2155
2155 352
352 595
595 2429
2429 29
29 318
318 29
29 1934
1934 25
25 1934
1934 3059
3059 230
230 3059
1898 1893
10838 10217
114 267
966 11938
734 18
18 295
12108 4821
14257 14301
14301 976
14304 12291
12291 14301
10671 1509
1509 10671
10671 11710
11076 11078
11078 12208
12208 11413
10734 2512
10841 2409
2409 2408
1062 11392
11392 1062
1062 509
1118 678
1369 570
1197 1854
1854 1280
1280 1287
1287 1281
10263 10771
10771 429
1212 2151
289 2065
2065 286
23 14361
11534 1400
489 610
610 458
1594 518
518 245
245 2375
2375 246
246 2920
2920 24
24 457
457 1774
1774 1901
1901 28
28 30
30 1208
1208 18
18 25
2740 11578
11578 11584
11584 4875
4875 10188
10188 47
47 939
939 2460
28 14367
14367 28
14379 2151
292 11192
11542 11138
11138 10891
35 4570
4570 2954
1401 889
889 2198
2198 74
74 2198
2198 4954
4954 731
731 1404
1404 1949
1949 1948
1363 1311
1311 1363
1205 2049
2049 1204
1204 939
939 2030
2030 1204
4421 4418
4418 4419
271 11868
21 2768
2768 24
14445 14435
14435 14445
14445 3038
3038 1369
1369 1348
1348 2562
2562 1808
1808 156
2406 1223
1223 980
18 30
30 28
28 22
22 1696
1696 22
22 1110
1110 24
14449 12043
12043 14461
14461 14379
14379 2151
2151 14384
1212 938
14465 14469
14469 1119
14436 11050
4974 3020
1240 274
274 1240
10255 10791
10791 10846
10846 10845
10845 11034
11034 11515
11515 12106
12106 1578
1578 12106
12106 11826
11698 12467
12467 11699
11699 124
124 11697
11805 893
893 2178
2178 1531
10470 890
890 41
41 11448
649 3109
3109 14539
14539 3109
211 11012
10600 11334
11334 11033
1443 2808
2808 515
1208 11536
11646 11739
14580 14590
1807 11145
11145 1369
1369 11130
11130 10195
10195 12041
12041 10195
10195 204
204 1369
1369 78
78 10682
10682 10429
10429 10766
10766 10644
10416 11053
1532 12288
11108 11936
11936 10897
30 15
15 27
1110 21
21 22
14557 14558
2151 14637
14637 2126
2126 14669
14669 12043
12043 14669
14669 292
292 1126
1126 292
292 1126
1126 292
292 2151
2151 14637
14637 14640
14640 2126
2126 1241
11896 14700
14700 12088
12088 14732
14732 1461
14691 14711
14700 14558
14558 14557
14557 3021
3021 2010
2010 14754
14754 2498
2498 3114
3114 14732
14732 1074
1074 1246
1246 14762
14762 1074
1074 14732
1657 14683
400 3114
3114 14801
14781 1016
535 873
873 1716
1438 462
462 14941
1438 2008
2008 2009
14954 14557
1063 14944
14944 14948
14948 14947
14947 14946
14444 14545
14545 14548
1223 4493
4493 4980
1893 880
880 1590
1590 2149
2149 2013
2013 1335
1335 88
88 1027
1027 1899
1899 1898
1898 4983
4983 1563
1563 758
758 880
880 1896
1896 2358
319 14919
11415 1850
533 2816
81 2254
315 24
24 2183
2183 1430
1430 1696
81 733
733 1568
11275 11334
10505 10764
10764 1009
2856 24
24 40
1657 1438
1438 15021
15021 11284
11284 15020
15020 12090
12090 15021
12089 3120
363 31
1283 1122
1122 1120
1120 2659
2659 1116
11046 4885
4885 11689
11689 10298
14661 14638
14638 15004
15004 12043
12043 15002
15002 14638
14638 15011
15011 14636
14636 2151
2151 14637
15006 14635
14635 14661
14661 938
938 15011
15011 14638
14638 14661
14661 14649
14649 14994
23 847
847 3039
601 753
753 601
601 2743
2743 601
601 529
529 601
601 753
1954 10768
10768 3692
1620 2750
2750 2643
2643 4691
4691 1222
1222 3992
1182 1183
18 898
898 2305
2305 10779
10779 1221
1221 896
896 12008
12008 1074
1074 12008
12008 323
323 10452
107 894
894 211
211 215
215 1282
14636 2151
2151 14653
14653 14453
14453 12043
211 15024
15024 15025
15025 15028
10416 211
211 11055
11055 11053
11053 10419
10419 15025
708 2990
651 10193
10193 913
913 11574
11574 11580
11580 1846
271 14557
14557 14923
2518 903
10659 10934
10934 12176
12176 10575
1014 1000
4629 1251
1251 1131
1131 145
145 2892
2892 4627
4627 1910
1910 1908
1908 1331
19 56
56 1084
3907 3956
3956 3847
1227 1055
1055 1207
1207 15060
1110 28
63 924
924 2305
924 2305
14894 15034
15034 11980
11980 14914
14914 1501
1549 1230
890 408
408 649
649 938
938 1124
1124 15011
938 1597
1597 938
938 2304
2304 938
939 601
601 3138
3138 20
20 1934
11995 11513
11513 15106
15106 11760
10740 295
295 11431
11431 457
457 11001
11001 63
63 1356
1356 920
920 10349
10349 10352
10352 11685
11685 11028
11028 14980
14980 11953
14928 15405
2604 2755
15437 15438
2520 744
744 2970
2970 2973
2973 2972
2972 11055
11055 211
211 2178
2178 14792
14792 2178
2178 2182
1657 468
468 1657
1657 468
468 1657
288 1785
1785 318
14985 14635
14635 14638
14638 14661
14661 1190
1190 15449
2010 407
14706 14773
14773 14907
14907 14901
14901 14732
14732 1508
1508 14804
14804 14743
490 3733
10367 11172
11172 515
515 11485
11485 10337
10337 11944
11944 320
15288 15357
15357 4714
4714 890
890 4775
271 15588
15588 10884
10884 1183
1183 1407
1407 15590
15590 1407
1407 15590
15590 15586
15586 1189
1189 15587
15587 2471
2471 15587
15587 10624
15587 2471
2471 15587
939 15513
15513 14665
1326 1113
1113 12544
614 1113
1199 11170
11170 12001
12001 12051
12051 11289
11289 11482
14889 14735
14735 14889
15679 979
979 1451
10427 10425
989 10976
10976 15530
614 908
908 250
3913 3911
3911 1485
1485 738
12316 15747
15747 12316
2877 12173
12173 570
570 11334
11334 10659
10768 1072
882 10768
10768 43
43 429
12031 3110
3110 1078
12008 12010
12010 12011
12011 12010
14259 14304
14304 2126
11853 176
15797 15799
3197 207
207 156
156 78
78 3299
3299 91
91 22
22 11861
11861 10680
10680 14610
14610 11726
11726 1807
1807 12026
12026 15228
15228 1124
1124 11189
11189 83
83 1125
1125 1124
11534 1424
1424 11534
362 1896
2167 4769
2214 15837
15837 10518
10518 2122
2122 10760
10760 10512
10512 3032
3032 15837
989 3616
3616 147
1356 4576
4576 1356
1356 2885
2885 1356
2010 10618
10618 2005
12361 10906
10906 2531
2531 91
890 4530
60 61
61 2001
2001 59
59 2001
2001 61
61 60
2902 1241
15837 11140
11140 3128
3128 4932
1281 15395
15395 1281
1281 881
881 1281
1281 15894
15894 1807
1614 14759
977 2305
10461 1565
1565 425
1748 15223
15223 1009
15294 738
738 3805
14636 2151
10466 10403
10403 10466
1347 938
24 2874
363 15667
15667 1328
1328 15665
146 286
1435 1501
1501 245
245 2375
2375 1807
490 15809
495 492
492 499
499 492
492 1066
1066 12169
12169 321
321 12169
939 15462
15462 14984
14984 15011
15011 14635
14635 2304
2304 287
287 15450
15450 15505
15505 2151
2151 10697
10697 11104
11104 14637
14637 402
402 12043
12043 15726
15726 15727
15727 10954
10954 14636
14636 14640
14640 10956
1554 1019
1019 2110
2304 1508
1508 2105
2105 3959
3900 938
938 939
939 3849
2874 15798
938 601
601 2497
938 2126
2629 15956
15956 140
140 12344
12344 15957
11877 156
15005 14304
14304 12297
12297 936
3911 2257
2257 1251
1251 2295
2295 2829
10668 50
50 15187
15187 11087
11087 308
308 731
1915 10667
10667 10814
890 2059
2059 2178
2178 2059
2059 890
2105 1195
16005 12158
12158 16014
16014 1794
98 16008
16008 3421
3421 1422
1422 2002
3114 3118
889 1232
1232 889
983 425
14557 15325
14360 1032
1032 1531
15490 1807
1807 15490
994 2512
14362 10845
10845 10795
10795 14360
14360 878
10999 377
377 889
889 377
377 3146
1279 22
22 890
890 16043
16043 16111
1356 16119
16119 14302
14302 955
955 2464
3146 836
836 3146
15501 1356
1356 287
287 10276
10276 1356
11782 1571
1571 15912
15912 15911
15911 14589
14589 1711
1711 731
731 12283
12283 436
436 690
690 16140
978 1207
14842 14925
14925 250
938 12136
12136 15788
15788 14197
2151 15507
15507 14635
14635 2304
2304 14638
14638 2304
2304 14661
14661 2304
482 16175
1011 18
18 711
649 938
4023 1933
14580 369
1954 15228
15228 10704
10704 14360
14360 213
213 10598
1061 353
353 1497
1497 860
860 74
1778 21
21 16198
16198 16184
16184 16199
16203 4010
4010 2698
2698 4010
4010 16203
1301 1303
1303 14463
10446 15624
1272 12438
1191 14463
16198 16190
16190 48
48 16190
16190 16198
21 16192
16203 2698
2698 4010
2001 61
2310 2312
2312 2568
2568 2311
2311 895
895 2310
11038 12124
12124 12535
12535 16253
16253 16251
16251 2822
2822 16251
11256 268
268 15501
15501 1296
21 1207
16184 808
3018 10845
10845 11034
11034 10477
10477 16283
16283 16282
16282 10382
10382 16294
3805 2010
2010 3971
3971 1063
1063 805
805 3056
3056 16291
16291 16182
14488 14487
10761 11280
16203 1941
1941 4010
4010 319
319 29
29 16230
16230 1218
288 938
938 939
939 2954
2954 3088
2311 14627
14627 2311
2526 2533
16191 15
383 16034
16034 10768
10768 43
43 10768
10768 10954
10954 10769
965 15958
15958 11241
11241 15854
15854 4948
14379 15951
15951 14665
14665 15561
15561 15513
15513 14994
14994 939
939 14665
14665 15951
15951 14665
14665 15561
15561 15462
15462 15513
15513 14994
14994 14665
14665 14994
14994 14984
14984 10956
1117 10244
10244 3214
3214 14467
14467 4330
4330 1137
1137 1171
16343 16089
4029 153
153 2522
10834 10795
16374 744
744 3804
3804 744
744 11594
11594 2415
1600 922
11069 4218
15413 10656
15025 15024
849 2015
2015 2483
2483 1799
1799 2483
1186 2401
1186 2460
2460 2458
998 11334
11334 14197
14197 15903
30 19
19 18
22 14376
24 890
890 2178
2178 890
890 24
11647 11140
15 14994
14994 15
318 606
1204 11212
11212 15389
1191 383
383 10318
10318 383
15965 1132
2399 2280
2280 2462
2462 1296
1296 4584
4584 769
769 977
977 2453
2453 2698
2698 295
295 925
925 2453
14931 2294
2294 14773
14773 2294
2294 14773
14773 2296
2296 11077
11077 2294
11187 1567
1567 425
425 529
529 1046
1046 4451
16098 15325
25 14348
14348 11206
3849 971
971 1190
1190 15461
14234 10765
10765 10521
10521 10603
11665 24
24 898
2178 1531
1531 11299
11299 10760
229 1023
16442 3003
3003 1044
945 1113
74 880
880 1978
1978 74
2235 1063
1063 12237
12237 28
28 271
271 281
281 2572
2572 288
288 2162
2254 16463
10760 2399
11263 10760
10760 14948
14948 1356
1356 286
10846 10845
10845 15219
1207 12559
267 15117
14436 1825
1825 2777
2777 1825
15995 16485
16485 1525
1525 1879
617 14236
11425 1808
1808 15997
15997 996
1808 1554
1554 1020
1808 3041
3041 2879
2879 1807
1578 11834
11834 437
11598 11629
1232 10802
10802 1544
11334 16517
16517 3029
3029 11334
11334 16517
16517 436
436 3059
3059 11334
11334 16515
16515 68
68 16516
16516 16512
16512 16513
16513 11334
14288 10425
1937 44
44 2121
2121 308
308 1800
1800 428
428 1800
1800 729
1279 43
43 1287
382 14332
10448 15489
15489 4359
4359 4677
4677 257
10768 43
43 383
383 429
429 351
383 10263
10263 823
823 10318
10318 43
43 10768
10768 10954
10954 10772
1754 1753
1753 16291
10768 43
43 1072
1072 10768
10768 43
43 383
383 10768
10768 429
429 1509
1509 425
3096 2798
3029 12311
1199 16407
16407 14548
14548 14781
14781 15665
15665 1778
1778 15441
866 10777
10777 1023
16504 4512
10425 15724
14342 1450
14445 2667
2667 11463
1061 1369
1369 10765
11262 2167
2167 1043
1043 15538
15538 12437
12437 2533
2533 10369
10369 2533
2533 12437
2126 2214
2214 2136
2136 4018
4018 293
293 2214
2214 10715
10715 10777
82 11680
11680 3224
3224 11680
11680 746
746 10579
10579 16595
16595 2947
2947 82
82 16589
16589 353
207 921
921 920
920 278
278 147
147 1913
1913 15575
15575 1800
1800 729
729 462
462 1043
1043 16334
16334 2738
2738 271
271 920
920 2469
2469 285
285 2429
2429 1716
1716 2283
2283 16455
16455 2074
2074 823
823 1460
1460 2983
2983 47
47 382
382 47
3054 1043
1043 1492
2174 1861
1986 10369
10369 352
352 1061
1061 1067
1067 10809
10809 490
12165 12168
3029 10895
3331 2106
4387 1979
1979 1707
2520 2182
2182 2178
16442 16634
16634 16442
16442 4443
4443 16442
16442 1700
11263 16300
30 4568
30 890
30 11136
11136 30
30 14369
14369 11693
11693 14369
14369 30
30 14369
14369 30
30 11136
11136 490
490 1061
1061 15024
30 964
3267 1444
1444 1619
