509
629 655 467 444
905 208 901 916 96
24 920 722 918 921
647 935
398
693 56 70
832 678 942 407 404 400 738
569 418 531
62 939 580 298 547
288
199
580
754 732 624
965 963 292 286
603 108 221 243 515 517
65
24 322 318 970 457 270 246 266
959 288 292 284
946 906 616 266 598
30 603
122 221
623 20
30 20 17 67
227 515
611
980 268
893 905 405 402 227 230
883
133 99 100
977 31 979 978
227
19 268
961 938 284 291
292 702
39 290 255
88 185 21 29 734
938 425
322 123 603 292 108 115 117 116 289 598 225 119
697 694 767
569 295 558 711
653 369
980
296 958 292
958
584 274
458 555 763 609 315 271 278 958 323 919 918 282 145 25 986 610 149 764 225 482 842 19 30 640 725 722 295 515
848 78 72 149
78
765 523
600 698 870 527 241 483
854 856 599 256 98 240 177 434 174 173 175
21 22 304 778 799 74 803 374
561 563
702
752 145 47 383 950 174
324 817
784 787 788
1000
994 993 758 999 1001 1000
550 561 204 660
996 993 852 1005 930 175 78
1007 664 668
278
1007
249
1007
97 1012 1013
1024 795 1040 1020 1041 1034 413 1031 87 500
319 1023 43 941 185 1037
1007 1014 837 841 983
360
1031
1050 133 605 1047 1043 1045 637 1049 984 871 60 1007 15 1031 44
60 1049
221 1057
1053
25 795 1026 20 770 791 789 1019 227
1052 1057
795 1034
1057
19
447
24 882 1074 1075 246
103
1031 906 1020 127
984
605 984
984
605 318 223 221 984
601 770 765 278 1037 822
175 601
1005 558 530
984
605 20 984
173 238 949
949
949
30
605 5 984
984
605 984
288 955
262 257
984
605 984
586 601 871 531 329 287
748 24 447 307
235 930 1002 913 204
20 746 968 406 181 229 128 176 373
605 207 223 570 984 1007 515
373
319 595 29 636 789
930
101 118 1013
1102 1103
612 334 611 609 99 100 910
969
150 593 158
68 75 954 822
954
954
954
954
414 506 354 324
248
345
150 61 253 795 792 1079 1074 818 323 935 146 204 207 856 246 268 861 860 848 913 1007 295
498 461 493
63
938
286
1001 815 1009
954
517 1057
330 264
227
348
1024 795 1027
905
451 1074 515
969
112
296 487 266
965
296 1056
429
29
29
29
365 29 374
555 451 556 552
601 276 474 1109
365
365
224 1097
210
365
365
365
365
365
902 989 773 17 610 866 99 132 919 276 283 365 1109
777 277 726 725 918 921 280 284
837
47 417
425
939
303
1019 849
23
795 595 636 779 192 1110 535
584 207 387 616 588 62 112 69 250 912
19 1110 601 21 24
1085 1089
458 607 594 603 334 452 984 985 259 83 852 345 1035 469 612 610 611 461 1099 245 246 315 223 18 471 475 1007 515 925
203 1120 1122 758 955 957 1127 704 1113 64 1114
403
1120 1122 1124 1126
87 52
1130 35
170
965 1120 149 938 136 1118 139 496
1138
1149 21
21
1187 938 1182 292
1119 1125 1162
1120 199
451 938
1188 1035
277
593 961 1078 1205 1190 1206 1203 1202 288 939 938 1196 1204 295 287
704 63 64
383 377
379
28
887
887
181 1124 1125
295 298
1212 938
1217
1063 1219 1221
19 1218 1219 1217 29
605 1007 295
938
694 1144 980 737 292 729
1212 1193 1113 938 396 1117 398
1202
33 38 35
740 942 43 213
631 39 758 307
738
1113
328
720
472 28 601
899 74 907
120 121 318 29
635
605 640 601 515 596
613
34
551 341
365
825 618 45 742
1002 387
469
22
91 788 783
1199 607 1237 469 415 451 609 456 1240 471 1197 276 1195
519 226
1226
832 458 403 288 1134
499
1261 1260
1217
204 755 660
889 1170
1120 1122 1124
1287
19
226 1195 262
1190 592 1200
1284 677 1118 1279
353
1232
1043 601 1046 1081 870 537 527
1292 758 1231
476 969 849
323
629
601
1002
1002
330 1056
1241
301 694 427 428
1297
1300
21 799
1024
1297
195
622 1273 425 351 430
901 916
833 848 490 352 1132
631 1167 601 1044 698 547
832 784 922 1259 255
253 889 1259
731 1017 954 352
748 1327 1325 1335 1334 1331 550 1067 1061 1205 1002
1348 1315
1303
1259
1259
38 215 1283 1282
1350 1065
1294
1281 851 1283 1002
1123 550 1113 938 1019 349 352
1248 1247
1124 1126
1065
1065
937
292 287
573 1362
700
1196
963
1339 1127 1332 818 1292 1290 1291
730 1084 70
27 207 1311 190 98 448 1363 651 649 175 1244
898 187
1178
1065
880
234 1061 503 913
77 1165 1272 235
1120 24
614 1116
1388 1052 1115 1392
1279 1280 1127
271 1179
954
954
1417 954 1415
1119 839 192
947 448 1380 145 444
425 440 551 351
938
1444
649 833 1444 207 1303
1441
1113 601
937
954
954
954
414
972
947
607
268
852
607
607
1199 458 607 469 613 451 1195 1197 472 471 1252 456 276 70 286 1461 257 1294 275
1368
988 627 1190 1238 584 938 1109
146 593
954
954
733
954
733 758 954
226
878
1072 446
29
586 29
584
98 979
1490
250
988 1369 330 1229 1241 938 1242 187 101 161 1035
930 1230 547
773 726 476 275 1511 1510
773
930 1325 1002 1276 1369
385
629
1272 634 644
74 1065
763
523 644 1497
763 1027 1589
377
1593
1582 1580 1581 1641 452
1113
425 773 1575
585 582
877 1389
954
1554 1193 954 149 1367 410 1296
149
1519
25
453
300 524 714 1690
1352 579 539
1712 709 1636 309 710 81
377
1227 843 1208 791 840 62 712 625 1362
74 773 1575
882 677 1542 140 570 43 1678 1676
945
318 20 1433 1023 980 1651
235 78 1369
453 864
1079
461
1095 1113 501
217 1648 1294
299
520
1731 194 1178 75 1452 192
964
1199 458 890 1279 334 609 403 738
365 880 878 1127
407 451
895
1630
1232 1229 156
1205 1190 1440 288 1686 1119 1666 1660
1696
424
288 290 286
407 1240 1074 295 296
1240 1764
1564 1734
458
1285 1284 1287 1281 1283
1817 1809
1788 1024 1804 1547 1834 1835 1841 1678 250 1791 1012 1433
1659
904
1785
1433 636 1535 1874 1871 176 175 171
146
245 519 74 72
451
192
223
318
1364 1117
880 187 878 1901
223
1501 318
287
18
1119 1737
1353 1137 206
1052 1053 1634 1918 1863 1864 1402 1392
989
623 468 625 467 864 462 726 74
1364 1967 971 1981
1143 1113 1684
1060
1990
1389 1265
453
954
954
881 1053 1399 53 1978
283 293
2033 2029
1986 1043 1046 1081
570
1966
2051 2047 2026 2029 2023
1966
1966
995 1966
177
1023
890 144
1063
525 1359 1605 1604
1972
1745 1218 20 940 1126
795 425 858 1972 242 827 249
1852 1686
584
146 585
429 153 1175 351
1933 1227 1218 268 1207
20
1191 1498 562 1
40
1420 452 1230 823 765
1827
1827
881 1325 704 570 132 175 173 1199 207 878 1735 1944 1693 773 1093 758 74 1497 2044 1046 860 1666 374
389 979 851 719 1369
1
1
245 1219
1190 1975 909 939 937 287
1739 1158 207 599 899 1332 1389 1558 922 1290
1348 910
1276 1333
1120 310 78
447
47 1983
47 383 72 1635
784 2082 1983
1696 1690
2087 2084
164 1119 167 292 287 170
287
21
692 2121 694 2120 1978 2096
490 1065 1903
313
2015 687 2016 342 1088
1113
994 339
860 859
458 1240 1776 2064 1772
1924 1072 287
1303
637
2137
281 1184
292 287
1890
1234 554 1246 460 332 2069 330 299 296 1929 2105
1542 907
958 593 2147 938 287 2149
169 721
1113 1831 2114 2116
1569
1081
687
1773 1376
2144 2160 799
1187 1692 701 287
288 1237 1238 1376
1901 840 1441 1440
1986
948 694 1800 2177 2114 2115
2118 1800
1294
1234
1113
1356 2214
2205 1372 451 1251 1179 1181 288 1501 1180 1116
1234
428 1831 1017
1558 601 1173 1080
227
1292 2232 2114 74 1369
1123 771
1207 418
1799 2249 1356 2250
2123 2122 1799
1690
2213 1547 2123 1358 1020 2214 1784 1356 1863 352 1017
1467
1865
1057
1705
904
1234 1101 1195 2105 264
1690
1831 1017 500 40
1279 1287 1281 1636 1940 1586
1973 2211 447
2079
2059 288 849
1356
1061
2259
1126 1251
1715
1690
292 1244 2067
817
490
980
192 23
28 1037
18 28
18 976
1007 1501
1007 605 320 2009 267
1113
28 1037
506 1110 1509 425
308 18 383 955 1901
19
292
18 979
19
939
939
939
53
195 374
18 268
1756 27 28 1208
1042
2253 1597 2271
18 1901
861 174 171 912
718 1634 2175
1680 916 1392
1207 246
19
1199 451 469 1251
268
1226
28
68
775 2151 462
777 880 1978
2273 612 1218 611 609 1461
1561
1964 1290 1291 1332
1537 837
1311 940
2044
26
977 20
2044
2044
2333 1432 617 61 62 112 2334 173
1954 191 43
581
43
2037 1279 43 2311
147 1182
2095 2116
2335
1356
542 907 508
217 894 211 1846 1438 1888 2352 230
600
54 399 1004 367
19 1207
43
882 1072 43 1279
1223
31
132
1227 976 2409 978
1043 1858 601 21 527 1693
19
21
21
21
21
21
578 693 2144 30 17
21
21
52
177 26
21
797 21 48
2415
1119 2422 1224 551
2222 1084 1890
2289 2290
1604
803 21
618 204 2433 2439 2435 2144 171
1936 1451
24 1007 320 295
1110
1287
29
1780
1615 1640 581 1639 1628 767
1052 1099
19 1686
519 1628
20 1222
980
29
30 21
740 829 489 2384 2259
176 406
1918 2252
2267
738 1240 2265
869 601 1223
20
74
2456 1599 1392 614
977 18 976
315
18
795 21 207 687 174 250
75
24
898
925
20
2449
20 22 2305 940 307 1929
2044 594 896 2305 1535 2194 2149
146 147 593
1184
321 1196
2351
74 29
27
321
321
27
321
1132 43 288 1924 1294 1888 365 1654
2060 525 1359 1357 2398
2280 1799 2188 2249 2342
2453
19 892 1785
1700 22 1081 704 698 2167 1046
2289 988 592 1223 17 334 2222 593 873 1240 1038 70 815
24
2497 1196
2497 2175
19
1320 1355
2483 2487 2186 1392
1517
1043 24 1138 1009 1896 362
1859 1545 1982 957 535 530 2419
2291 1883 475
1356
601
475
288 1931 229
1251
227
452 2273
410
939
387
2524 2527 2526 2528 2236 1922 2539 135 2533
43
43
24 217 584 1338 963 876 451 1614 1195 1196 259 72 1746 457 257 2105
1432 2434
78
330 257 1376
26
1386
2553 2554 2545 2544 610 611 1126
1230 1231 1549
1207 1219
2561 1973 2555 2501
601
1545
271
586 593 1238 271 1377 1379
2542 1657 288
570
2464 1337 1853 210 1134
1225
1187 2496 2580
958 2341 2580 1190 1238 1356 2263
159 146 1898 1593 587
1796
288
1305 665 2229
322
1966 680 351
1450 886
1542 2156 1678 687 644
1517
601
886
886
2122 2250
1225
1225
2186 530
2553 1718 2589
207
2487 1799 2483
1992 937
367 1615 21 23
973 814 410
1085 1055
1190
43
43
431
363
407 2151 2153
1238
945
2433
964 1124
1407 936 2589 2610
964
19
1272 581
26
601
1418 1863 1415
1788 1799 2626 47 1841 2483 499 1897 2399
1937
29
2305
2640 2029
25 1433 2652
2614 2629 2663
2670 2668
2679 2673
1060
2692
2352 2096
2706 2544
1207
741 725 1484
2123 1138 2721 2487 1356 1697 2122 67
2631 1208
584 64 966
889 53
2561 2557
1561 858
1205 146 2725
1225 319 1934
351 625 1741 1737
704 738 2150 943
950
978
2008 1438 211
978
211
1872 171 112
2740
2767 2764
2769 447 653 651
19 823 822
2784 2782 1600 2510 1576 1369
1298 745 1276 408
2802 2801 2806
2816 338 2343 2819 2818 535
769 2456
818 1339
223 267 2822 2823
1279 1287 857 207
1769 1766
22
2846 2840 2841 2839 2838 2835 462
1770 2387 2384
784 2577 2855
25 2696
203 2117 2156 1800
2734 2542 2724 961 1206 2286 288 2870 1762
2863 1056 2848 2493 330 1196 2578 246 1501 295
2868 933 1269
2859 1129 2871 2864 287
2872 2862 1205 1190 1135 1251 2833 2832
964 976 2851 2869 2852 2497 465 1508
2843 2756 1769 2828 2829 738
2552 2553 2544 610 2575 2855 2844
775 1846 104
1300 1444 1380
1096 522 2337
2840 2841
1208
1032 288 966
527 601
2879 2881 2877 2880
2883 2117
1738 1085 1232 2726 1558 1252
1184 1407
1678 1578 836 558
1827 1358
2328 2889 1567 2892
2172 2171
1101
2232 2236
964 2243
1743
964 214 213 878 51 1127 74 1119 1740
1317 1949 1171
890 2541 2056
1064
1743
964 1358 1160 2580 1737 2172 880 1119 292
2089 1160 43
2065
1953
257
2065 1737
2110 1988
1896 2053
85 1072 43 1743
1943 1567 444
2877
1195 2105
656 211 2938 2939
82 2947
818 1292 1290 2280 2368
2958
146 939
1317
976 864
2970 2520
1016 1294
47 1450
323 1217
1621 2626 1222 980 1501 1895 1365
889 2530
889 53
2497
1043 1226 601 1122 662 1115 507 1223 1004 418
288
3004 3007
1677
288
1132
3021
3029
1241
1690
833
1287
857 856 619
832 976
1225 2333 29
292
1737
1160
452 2295
2123 2122 2885
24 2873 898 1072 2305 2920 1929 924
2281 1799 495
1957 1357 1359
1788
3034 2122
1788
742 1567
2352
2490 1841 3023 1147
1799 207 2280 2487 2483 2566 2413 2249 795 1679 250 2399
1023
3049 3048
2084
18
2290
1049 934 1282
75
1957 1357
79
1126
2269 1126
1126
1438
1928 1208
1376
1368 53 1900 72
2954 446 1338 2205 369
2276 158 1795 1127 2174 1292
2004
1434
1073 1079
524 2178 1207 1208
961
833 899
2520 2082 2182 2519 2972 2178 2971
2879
145
1207 230 1055
701
1614 1202
701
701
1120
1504
1504
656 1504
1912 1476
1620 45
24 1365
1212 146 584 857 1425 3039 383 1176 1132 943 1126 1125 938 1450 445 176 1676 1380 2071 171 1626
2429
1118
2429 194 1778 1944 3096 3097 1032
1402 1080 1417
318 29
1422
1825
893 3104 3107 1126 3103 2518 651 2973 2970
890 2920 2518 1020 22
51
2117
1260
176 2760
938 592 815 298 217
1210 2905 1979
969
407 2128 2283 1979
1457
1129
452 1251
452
452
1110
22
1799 1138 2487 2483 2893 2122 2399
1772 334 330 1229 2294 2387 487 1885 101 1013
63 1554 3124
3129
2875
964
2201 2495
2495
2495
2495
2495
2495
2495
1050 3057
1208 1895 28 29 374
25
1728 156
25
25 15 878 176
1022 127
2724 1785
3922 3941 4133 4131 3925
3583 948 19 4939 303 35 3328 268 4783
3592 3682 3538
3295
3318 1501 4688 471 3639
144 1584
51 1229
882 3038 1954
4023
1572 425 680 1575 1576
2495
2495
1369
3639
1921 973 352
4091 27 2626
2568 2311
2541
1501 267 243
738 11809 4222
738
738
10444 576 40 10442 3097
11275 10768 1676 10956 11279 10954
24 10840 11078 10190 3527 292 1063 10267 11028 10198 10175 10452 10451 4359 10786 10498 10444 10445 687 11348 10223
10768 938 10954
579 580
4765 22
2429 3096
24 3186 295 315 835
2156
2068 335 11290 1100 1135
138 570 1208 140 2575
11778 11270 11777
2527
81
81
81
10644
2147 1226 812 268 2991
832 961
832
1887
4974 1738
890 965 893 894 78 211 577 1266 1440 803 1756 1017 79 1369
11422
10561 11163 1267 11496 673
1212
3133
1208
11710 11709 10713
11042 11758
11415 11175 10737 10177 10747 10208
10855 11544
2559 11843 10793
10845
10295 10644 10788 10846
11844 10443
2736 2742 1223
3017
2880 1542 156 50 614 1347 2186 167 1808 78
1482
959 1196 3140 938 275 283
72
1482
1482
2862 2832 1772
145 207 1221 49 704 1060 616 969 1125 1447 288 320 278 1897 490 171
735 2142
714
12133 2894
1291
1986
763 1826 53 380 72 377
425 1576 287 439
2456
2118
1211 2472 33 1824 330 357 235
1227 1166 2863 1162 2771 1207 2777 176 177 235 1893 1776 20 21 48 2301 950 44 2562 524 288 4959 2400 2454 1402 1400 2267 287 714 2449 1331 269 1938 481 2953 3039 1998 2994 1438 848 1418 2412 2408 2514 802 2063 1381 1538
2863 1056 1207 1219 2313 1073 323 261 227 985
1504 2004
1219
4977 2368
126 211
3033
1863 1287 1636 1282
81
11334
922 1826 2305 43 1901
2447
2370
1443 2054 287 1356
1783 2722 1356
786 1831 899 1796 11334 12131
966 1696 288 2269 1690 12144 1016
2156 2370 2018
2236
1115 2327
60 902
656
235
589
662 2229
1418 2771 1096 1392 316
11334 2373
1205 1328
3733 11370
10719 4288 4219 4184 11830 354 10717 10368 4553 4147 10803
847 846 844 204 3013 44 955 1957 12158 1389 1522
11593 10832
10268
171
1043
10187 10938 11745 10522
1205 1328 1200 1346
2295 2294
399 20 1057
1432 1272 617 1119 1597 520 647 2198 3043 2066 3046
1410 1824 1191 738
1824 719 1369
11923 11959 11745
10916
640
2243
898 2920 295 142 959
1554 791 352 1356 2177 1019 2955 687 2952 204
201
1208 1023 3004 18 3007 1855 4006 2632 3153 3152 3151 3006 2954 2696 3008
18
4983 2541 1691
720
1207
2727 976 2733 2762 2852 938 296
2151
146 167 1596 1875 1611
2757 2762
1739
1113 1532 3022
2576 1896 12174 12172 11976
1281 1459
11071
1503
28
11558 11078 28
11078 11413 28
1876 1011
1066
29
1252
89
12537 89
89
12540 843 12539
1205
1205
4981 235 550
12543 231
2553
964
203 1122 1125
22
1207
1207
1207
1207
1207
1207
1207
1207
1207
1207
1207
29
10362
1574
477
558 1433
252
714 43 3082
154
2429 154 440 616 436 91 1895 250 1005
211
427
1207
1207
431
429 1509 430
18 1208
10692
1207
1207
1348 78
1002 1369
146 2890 12549 12548
1130
1207
1207
12328 1002
11746
12303
1647
629 627 72 369
81
81
81
1574
1403 18 1936
18
18
81
81
78
2617 1954 3692 10768
81
81 880 1369
831 81 1512
268
145
630 629
15
15
15
1508 938 2151 286
593 2863 2299 60 390 2828 288 287 659 2602 462 260 103 1912 2950 3051 902 2493 1973 1241 658 299 2791
81
2406 1222
1188
617
12174 570 2877 2358 11976
10768 10771
11334 1554
10318 10768 10263 429
10211
964
1110
1942 3315 938 1115 1501
1205 3114 1356 764
570
315
2526
2533 45
601
3072
1620 292
25 3059
81
81
4205
21
21
21
21
21
21
21
10484 11204
1208 55 1063 225 224 223 293
21
21
21
21
21
21
854
21
21
2429 318 595 25 3059 29 818 2155 352 1934 230
74
920
1898 1893
588
10217 10838
11642
114 267
3044
14228
966 11938
18 295 734
1910
4821 12108
14253
976 14257 14301
12291 14301 14304
10671 1509 11710
2265
12208 11078 11413 11076
14301
10734 2512
10841 2408 2409
1062 11392 509
1118 678
570 1369
255
1199
1281 1287 1854 1280 1197
365
429 10263 10771
1212 2151
289 2065 286
14361 23
1400 11534
14372
458 610 489
12384
469
24 1774 1208 518 2920 30 28 457 245 1594 246 25 18 2375 1901
4875 2460 47 10188 2740 11584 939 11578
939
28 14367
14379 2151
11192 292
11542 10891 11138
570
4570 2954 35
3915
2361
1948 1949 889 731 74 2198 1401 4954 1404
1972
1363 1311
1205 1204 939 2030 2049
4421 4419 4418
1118
14441
271 11868
993
1113
24 2768 21
2237
14435 1348 3038 156 2562 1808 14445 1369
2406 980 1223
74
24 22 18 30 28 1696 1110
980
980
938
14461 14384 12043 14379 2151 14449
2089
1212 938
1119 14469 14465
12558
11050 14436
775
4974 3020
1240 274
966
30
12106 11034 10845 10846 11515 11826 1578 10255 10791
134
1240
11697 12467 124 11698 11699
2178 893 1531 11805
890 11448 10470 41
649 3109 14539
3907
11012 211
194
14557
14558
14557
10600 11334 11033
515 2808 1443
1208 11536
864
11739 11646
14580 14590
1807 10195 204 10644 10766 11145 10429 11130 10682 78 12041 1369
551
11893
10416 11053
1066
12288 1532
2322
11936 11108 10897
10986
27 30 15
66
1110 21 22
1784
14558 14557
1356
2411
14669 14640 2126 292 1126 1241 12043 2151 14637
1100
14558
14558
12114
14732 11896 1461 12088 14700
14711 14691
14557
2498 14558 14762 14754 1074 3114 14557 3021 14732 14700 2010 1246
2010
1657 14683
14801 3114 400
1016 14781
11334
486
535 873 1716
14941 1438 462
2008 2009 1438
14954 14557
11423
2941
14947 14944 1063 14946 14948
3041
3073
14545 14444 14548
12089
4493 1223 4980
1110
1027 880 1335 758 2149 88 4983 1898 1590 1899 1896 1563 2358 2013 1893
4980
2371
319 14919
966
1850 11415
81
81
81
2816 533
81 2254
24 2183 1696 1430 315
81
81
1568 733 81
19
10768
11275 11334
291
10505 10764 1009
81
81
81
53
24 40 2856
14379
1002
1032
15021 15020 1438 11284 12090 1657
3120 12089
31 363
1120 1122 2659 1283 1116
11046 11689 4885 10298
2894
12043 14661 15011 15004 15002 14638 14637 14636 2151
14994 15011 14661 14649 15006 14638 938 14635
847 3039 23
753 2743 601 529
1954 3692 10768
4691 1620 1222 2643 2750 3992
12151
1182 1183
1281
10452 1221 896 323 898 18 1074 2305 12008 10779
1282 215 894 107 211
12043 14653 14453 14636 2151
3761
211
15028 15025 15024 211
10416 211 15025 10419 11053 11055
490
2990 708
10193 1846 11580 651 11574 913
17
225
271 14923 14557
10605
903 2518
10934 12176 10659 10575
15004
14450
207
1754
1014 1000
4131
145 1131 1251 1331 1910 2892 1908 4627 4629
19 56 1084
4977
3907 3956 3847
2253
2253
1227 1207 1055 15060
1110 28
2305 63 924
924
924
2305 924
10655
1501 11980 14894 14914 15034
1230 1549
14559
2305
2305
2305
890 649 938 408
938
15011 938 1124
938
938
1597 938 2304
938
938
938
939 601
20 601 3138 1934
15106 11760 11995 11513
1934
1934
1934
938
1904
14980 11001 11431 10352 11685 1356 11953 457 10349 63 11028 920 295 10740
14714
1904
1904
15405 14928
1904
1455
15290
35
2604 2755
14873
15434
15437 15438
744 2520 211 14792 2182 11055 2972 2973 2970 2178
2617
10433
1657 468
1954
288 318 1785
15462
15468
144
14985 14661 15449 14638 1190 14635
318
675
1692
10206
1393
217
407 2010
458
14743 14773 14901 14907 14706 14804 1508 14732
3733 490
11172 10337 11944 320 10367 515 11485
10246
15357 4714 4775 890 15288
938
2471 15590 10624 1189 1183 10884 271 15586 15587 15588 1407
15587 2471
939 15513 14665
11299
1113 12544 1326
938
1443
1113 614
10180
1199 11289 11170 12001 12051 11482
14889 14735
1933
15679 979 1451
938
10427 10425
989 10976 15530
515
146
15579
938
1207
908 250 614
738 3913 1485 3911
938
12316 15747
10948
10659 570 2877 12173 11334
10768 1072
2105
4413
12003
429 882 43 10768
515
12031 1078 3110
12011 12010 12008
293
2126 14259 14304
176 11853
938
10344
1061
938
938
15797 15799
2110
10617
938
12544
15371
1807 11861 11726 22 207 156 15228 1124 1125 3197 11189 12026 3299 91 83 10680 14610 78
490
1424 11534
738
1896 362
2331
4769 2167
2122 2214 3032 10760 10518 15837 10512
147 989 3616
1356 4576 2885
4913
295
10618 2010 2005
91 10906 12361 2531
890 4530
60 61 2001 59
11615
1241 2902
10768
3128 15837 11140 4932
14548
1807 15894 881 1281 15395
1614 14759
938
977 2305
425 1565 10461
15223 1748 1009
11032
3805 738 15294
1303
1969
14763
352
14636 2151
10466 10403
938
938 1347
24 2874
1328 15667 363 15665
146 286
245 1501 1435 1807 2375
490 15809
1066 321 499 495 12169 492
1915
1208
15450 12043 15726 14984 402 10956 2151 2304 11104 10954 14640 15011 939 15727 287 10697 15462 14637 14636 14635 15505
2110 1554 1019
938
458
3959 1508 2304 2105
458
458
458
3849 939 938 3900
2874
2874
2874
1119
15798 2874
938 601 2497
938 2126
938
15957 2629 12344 140 15956
11877 156
3013
15005 12297 936 14304
2257 2829 2295 3911 1251
225
273
4579
4595
308 15187 10668 50 731 11087
10667 1915 10814
890 2059 2178
1195 2105
10556
1794 12158 16014 16005
2002 98 16008 1422 3421
1110
16055
1207
14557
3114 3118
889 1232
983 425
15325 14557
1032 14360 1531
4421
1807 15490
15670
994 2512
10795 14362 10845 878 14360
2865
889 3146 377 10999
4359
890 1279 16043 22 16111
3146
3146
3146
2464 14302 955 1356 16119
836 3146
15490
10276 15501 1356 287
1711 15911 15912 690 731 14589 11782 12283 436 1571 16140
1207 978
3269
1119
4023
1504
938
1957
14925 250 14842
1657
10605
938
15788 938 12136 14197
14661 2304 14638 2151 15507 14635
938
3805
482 16175
18 1011 711
649 938
15845
765
4007
1933 4023
14580 369
35
2420
18
213 15228 10704 1954 14360 10598
11482
1061 860 74 353 1497
21
1778 21
16199 16198 21 16184
1207
2698 16203 4010
410
14463 1301 1303
10446 15624
1272 12438
1191 14463
3602
425
896
1009
16190 16198 48
21 16192
4010 16203 2698
1226
11265
61 2001
2568 2312 895 2310 2311
12535 11038 16253 16251 12124 2822
11256 15501 268 1296
1207 21
808 16184
3018 16294 10845 11034 10477 10382 16282 16283
3805 1063 3971 16182 16291 3056 2010 805
14487 14488
10761 11280
11109
3805
319 16203 1218 1941 29 16230 4010
889
889
2305
15300
2954 288 939 938 3088
1957
15300
15300
15300
14627 2311
16222
16269
2533 2526
15 16191
11256
43 383 10769 10768 16034 10954
15854 965 11241 4948 15958
14984 14994 15951 14665 939 14379 15513 15462 10956 15561
3214 1171 1137 14467 4330 1117 10244
16089 16343
4970
351
3813
16361
153 2522 4029
10834 10795
16372
16374 3804 2415 744 11594
1600 922
11069 4218
10656 15413
15025 15024
2015 1799 2483 849
849
773
20
1186 2401
1186 2460 2458
14197 15903 998 11334
15098
19 18 30
4010
14214
254
15957
14376 22
24 890 2178
1204
11140 11647
15 14994
318 606
11212 1204 15389
1191 10318 383
1132 15965
977 769 2462 2280 2453 2698 4584 295 1296 925 2399
11077 14931 2296 14773 2294
1046 4451 1567 425 529 11187
16098 15325
1347
25 11206 14348
3849 1190 15461 971
14234 10765
10603 10765 10521
24 898 11665
4397
28
12485
11994
17
10760 2178 11299 1531
1023 229
16442
16442 3003 1044
1113 945
402
12293
74 880 1978
11263
2572 288 2235 1063 28 271 12237 281 2162
16463 2254
3137
4333
74
74
74
10760 2399
11263
11263
11263
11263 10760 286 14948 1356
367
1132
10845 10846 15219
12559 1207
823
823
823
15995
1651
3763
15995
1066
2337
12245
1245
15117 267
12168
617
1825 14436 2777
15995
15995
15995 1525 16485 1879
11969
14236 617
15997 996 11425 1808
1554 1020 1808
1808
1808
3041 1808
3041 1807 2879
437 11834 1578
893
1808
1808
1808
11629 11598
1544 10802 1232
3029 16512 16513 16515 16516 16517 68 11334 3059 436
1490
14288 10425
12143
2121 308 1800 44 428 1937 729
243
1279 1287 43
382 14332
11050
4677 15489 10448 4359 257
429 10768 383 43 351
2020
10318 10263 43 10772 383 10954 10768 823
1754 1753 16291
17
1972
1072 43 429 383 10768 1509 425
2798 3096
3029 12311
1199 14548 15441 1778 14781 16407 15665
10777 1023 866
4512 16504
11967
15724 10425
1450 14342
1972
1246
2667 14445 11463
1061 10765 1369
1043 11262 15538 12437 10369 2533 2167
2136 4018 2214 2126 10715 10777 293
271
746 3224 11680 2947 353 16595 82 16589 10579
10982
16334 2429 2738 271 15575 278 16455 1716 2983 47 285 1460 2074 147 207 2283 2469 462 382 1913 1043 1800 920 921 823 729
1043 3054 1492
1861 2174
1986 1061 1067 10369 352 490 10809
12165 12168
429
922
10895 3029
3331 2106
4387 1979 1707
2182 2178 2520
223
16442 16634 4443 1700
2688
1399
11263
11263
11263 16300
4568 30
890 30
490
1061 30 11693 15024 14369 11136 490
964 30
30
964
1444 3267 1619
