1000631
10011
1001430
10033
10052888
10053077
1005416
1005874
100622
1007667
10082478
10086841
10091
10100
1010051
1011001
10113
10118105
1011864
10120046
10126831
10128
10129706
10136
10147369
10151
10158
10158889
101631
1016480
101905
1019726
102024
1022287
1023078
102445
1027563
1027957
102847
102920
1030
10312
1032545
10326
10331
10332
1034
103533
10368228
1036932
10370
10374
10378846
10390
1039552
10396793
1039873
1040161
10401954
1040219
10406
10407246
10418624
10432412
1043494
10438439
1043867
104697
1047465
1048518
105004
105070
1051262
10532971
105355
1054527
10553
105570
1055890
1056084
1056700
10568
10568791
1057414
10579736
105811
10584447
10597
10599506
106029
10612
10612200
10623
106238
10629216
10633
10635
106364
106409
106418
1065970
10669
10671
1067396
10676
1068924
10689363
10707
10710364
1075071
1076499
1076662
1076674
10772350
10775928
1077871
1078
10783
10787
10791
10796
10799
10814
10854413
10858
10871285
10874393
1087755
1089194
10913
10915171
1092962
1093037
10933
10939
1094802
10950407
1095706
10970082
10975
10994866
10997784
11021613
11026511
11028273
1103359
11034
11038534
11043051
1105116
11054
11062
11062131
11064
1108662
1109114
11095153
1109907
11111776
1111945
1112529
11125639
11129200
11156305
11162
1116955
1117290
11180
11182
11185
11188
11200776
1121227
11227
1123846
1126974
11274
1127541
11288839
11291009
11291328
1131060
1131755
1131835
1132644
11330096
11335226
11335436
1134
11347455
1135075
11359053
113604
1136841
11377874
1137997
11391868
11399296
11401409
114057
11420730
1142161
1142431
11432288
1145328
11468319
11484502
11486091
1149069
1149904
11502649
11507
11507939
1152274
1154929
11555
11558
1156687
1157333
11582
1159743
1161510
11624
11627
1162876
1163526
1164
1164274
1164681
11657
1166505
11667726
1167
11670413
11678513
11679637
1168184
1168487
1169701
1170226
11705367
11713533
1171657
11717197
1172094
11722032
11749533
11751644
11760254
11766141
1181008
1182061
11824529
11829324
118450
11854761
118652
11866
11879874
11880285
11883532
11884
1188632
11888493
1190805
1190842
1191726
11921
11924
1192915
11935
1193903
11944078
1195462
1196714
11971
11984
1199964
12
1201
1201418
1206139
12063533
1207161
12094780
1209509
1209537
1209760
12103358
12106047
12108
1211335
12118220
1212
1213218
1214
12141667
1218279
1219301
12195803
1219810
12207
12212880
12219128
12223156
1222689
12229
12231725
12254052
1226359
12266
12269001
12293
1230430
12305
12307308
12331628
12341009
123427
1234517
1238181
12383
12384049
12386
12398
12401
1240348
1240378
12423414
12424
1243012
12441
12477677
1252693
125320
12557
12558
12569
1257617
1257710
12581
12582
12593785
12598
1260420
1261011
1261060
1261321
1261987
12622
1263455
1263527
12636
1264088
12670058
1267764
126844
12686484
12697370
12710
12713788
12716626
12726013
1273
12730454
127312
1274232
12744809
12749679
12752244
12759325
12770573
12777107
12781902
12785426
12786203
12787
12797709
12837
12846985
12848329
1286372
1291003
1291656
12987
1303657
13044636
1305554
13062928
13070
13077
130918
13106128
13117787
1313722
1317383
1317694
1320356
13212
13224
13246518
13250
13251031
13255653
13258541
13268
13269942
13276
1327762
1328361
13299
13311819
1331837
1334163
13363237
13372
13373
13378086
13394
13404
13421841
13425800
13431137
13435
13444544
1345074
13451
13451538
13465993
13483
1348709
1350006
13505242
13519358
1352090
13538313
1354
13543
13550012
1355251
13554
13570
13571938
1357514
13579899
13592342
13609
13617
13623
13632876
1363291
13633
13633191
13645
1364785
13650246
13652
13660687
13673345
1367595
13679029
13690575
13692155
13704154
13715070
13736167
13756318
13756915
13771
13797878
13825869
13831
13854
138848
13890
13895674
13911
1391510
139177
13919
13935452
1393859
13963594
13965819
13971
13972
13980190
13996623
14005283
1401322
14020
1404387
1407416
140801
1408731
1408929
1409120
14093722
14096604
14099
1410955
14113146
14115
14117
1412472
14130076
14130192
1414677
1414750
1416043
1417710
14177857
1418949
14194
14210456
1421393
14220
1424086
1424309
142440
142475
14254036
142563
142586
14262733
142703
14274642
1427486
142910
14302231
1430825
14311364
143215
1432833
143284
143357
14349412
143533
143563
143996
14400
1440511
144135
14421717
14423
14428575
14446278
1444849
14469845
1450022
145162
14520306
145243
1452960
14532
14533
14534297
14539
145429
14543
145439
145443
145554
14561
14567
14573
14576735
145772
14579
14599027
14604
14605
14606081
14609061
1461205
146192
14624
14626
14627
1462876
14631
1463286
1464656
1464955
14653
1465997
146630
146717
1467641
1467948
14684661
1468653
14692667
14724
14727049
147313
1473135
1474542
14750
147575
14768005
14773
147778
14783718
14795
14800
1480420
148099
148131
1482394
14835582
1483593
148363
14848
14849
148537
14870
14871469
14871571
1487830
14880
148898
14895
148979
1489819
14898506
149109
14914
149183
149281
149353
14936292
149373
149422
1494671
1495
14959
1495964
149714
149750
14986006
14990791
1499717
149996
15020270
15021038
15022
1503073
1503460
15038192
15039830
15046197
15051
1508301
1509154
15092946
15103178
1510996
151143
1511715
15123011
15135713
151419
15144359
15153484
15157915
151604
1516507
151714
15185969
1519875
15201
15213586
1522020
15221455
152277
15232960
15233345
15235524
1523764
1524461
15251
15254083
1526031
152626
15271
152778
152835
1529514
152988
15299336
153008
15303
153149
153169
15325227
153324
15340
15343730
1534578
1535731
153825
15388188
153981
15412
154170
15428814
1543160
1543423
154362
15442841
15447
15449517
15450
1545452
15464854
1546697
1548372
15487
154985
15501583
155023
1551073
1551274
155311
155414
1555022
15556289
1556109
155698
15573
15587631
155890
155899
15600
15606
15613
15624
15626
156423
15649944
156593
1566484
156766
1568814
156940
1569600
156962
156970
15702045
1570348
1570983
1571390
1571927
15723176
1573230
15752595
15756753
1578641
1579369
158011
1580910
1582335
15832717
158364
15838
158550
15872
15873850
1589303
15895358
1591828
1591936
159211
159266
159275
15928
15933474
1593659
15941
15943516
15956768
15971694
1599519
1600443
16006394
1601244
1601618
16024637
1604382
160538
16083
160970
1610496
161095
161323
16139389
16143
16154000
1616204
161744
16181052
161883
161935
162025
16215
16228151
162415
162577
162619
162688
162707
162714
1627580
162789
16283427
16288
162986
163088
163103
163118
163225
16340
1634060
16348211
16349122
16352001
16353081
163543
16366
16368719
16369
1636960
163778
1638128
16382677
1638840
1639997
16413778
164156
16415709
1642576
1642943
164636
164660
165243
165264
165449
165627
1656748
1656760
165727
1659225
166080
16619822
166208
166254
1663974
166514
16678376
167104
16716141
16730206
167331
167334
1673810
167389
16743
16749
167854
1678827
167897
16803775
16810875
16811883
16815
168183
16818407
168257
168369
1684284
16846
168462
1685778
1685995
1686272
168632
168714
16877714
168918
16901331
16905
1690884
169409
169633
16971924
16972981
16973246
16979409
1698091
169837
16985
16988163
16999977
1700209
17011
17019319
17025
17028734
170318
170333
17034271
1703661
17037094
170417
1705385
17056214
170593
170691
1707270
170853
17093445
171080
1711620
171166
171171
171177
17119327
17163431
17184198
171855
171865
171964
172119
17219130
17220101
17221261
17226680
1723133
17234445
17238567
1724036
172479
17253537
172553
172592
17269156
17269604
17286884
1729908
173020
17318
17326
173416
17349325
1735417
173560
173787
1738695
17394339
17396350
17401244
17412
17416221
17423457
1745670
17502557
17507284
175081
17524
1753006
1753270
175357
17541
175416
17545063
175456
17551726
17555269
175914
17602282
17604633
176052
176060
1762493
17626
176320
1765998
176945
17703533
17719085
17720312
17722129
177247
17727
17730
177309
17741
1775295
177694
177698
17771
1777495
177869
177907
177912
17809928
1781619
178206
17846
17856903
17863991
178647
17867
17874491
178753
178816
17890418
1789115
178942
1790574
17914
17920265
17940
17943941
179571
179578
179757
1799316
17994
179948
18017949
18020683
180311
180337
18058
1806
180609
18089868
180906
181181
181239
18125230
1814
1814240
181435
18146092
18152904
181592
18160992
1816645
18178
1818326
181889
18190064
1820089
18201224
182057
18214486
18233581
18247316
182607
182705
1827600
182779
182837
18290
18295648
1829708
18304271
18309949
18337522
1833792
1833815
183403
18349962
183515
183527
183580
183584
18363988
18375031
18382773
18401364
18403271
18406
18413531
18421474
18422
18426
18434872
18449273
1845
18453514
18456
18462337
1847013
18471728
184726
184854
185130
18524
18531218
18532781
1853838
18539872
18567210
18568
18569026
185704
1858034
18580879
18581669
18587140
18589042
1860870
18612
18622193
18630637
1863144
186325
186467
1864889
186493
18657
1866009
1866593
18674
1867894
186855
18717037
18717981
18721790
187260
1873056
18735620
1874154
187544
18757232
18761076
187851
18812905
18819
18820
18831
1883529
18836
18838
18839
188418
18842471
188540
188543
18856
1885799
18862314
1886467
188739
18878
18879
18884
188874
18888
1889064
18895
18902
189037
189046
18908467
189109
18914017
18917
1892626
18932
18933375
18934361
18935388
189373
1894698
1894936
18949461
18949668
18949819
18950003
18950713
18951655
18951905
18956035
18956166
18957
18963870
18963910
18967
189701
18973384
18973446
1897417
18974659
189749
18978563
1898469
18985
18985287
18993927
18994087
19004
19006
1900760
19008450
190173
19022
190273
19031389
1904053
190450
19045066
19050247
19053
1905592
1906005
19080286
1908551
190988
1909944
19099981
191162
1911883
19127
191280
1912857
19137311
1914445
191487
19159508
19161438
19167679
19173020
19178965
19179706
19191789
1919367
191941
19200
19225
19233165
1923764
19242322
1925794
19259241
1926015
19260867
19271
19278960
19280734
19280748
192818
19283891
19285924
1928729
19287687
1929895
1930857
19323
19331440
193317
19337279
19344515
19344654
19346935
19356
19359
19360669
19361526
19373
19373807
19376
19378
19378200
19379
193857
193939
1939754
194053
1943545
1943640
19444
19446
1944675
19451185
19455
1946204
194624
1947285
19481110
1948637
194904
1950
195113
195149
19528
19541
19544151
19547
19552
19555
19555586
19556375
1956359
19567
19568
1957
195755
19593829
195947
19600416
196034
19605700
19607986
196086
196130
19616384
19622
19629641
19644137
196452
196493
19653787
19664744
19666611
196709
19685
19688
197179
19719776
19722189
19728
19748350
1975073
197710
197741
19793624
197959
1980293
1981069
198149
1981818
19826061
19828134
1982907
1983847
19850468
1985591
1985951
198608
19872429
198725
198778
19881
198813
19883
198842
198843
19889138
19896329
19898702
19904
19905589
1990966
199145
199154
199162
19916613
19918654
19918814
1993994
1994381
1995307
1997
1998
19985174
19995454
20014929
20021
2002497
200354
20041877
20053825
20055308
20062
2007162
2007748
201087
20110668
20110874
20127412
20134780
20136546
20151936
2017420
20180
20189
2018948
201936
20201
2021817
20226904
202354
20257632
2025792
202584
2025919
2028898
2029470
2032
20330299
2033477
20341
20347
2036080
2039369
203950
20405
2041117
2042
20420
20423
2042551
204406
20444709
20448974
20458
2050029
2050354
205135
20518
20523
20545
20549
20556903
20572
20582
20590
2061136
20611385
20611504
20617065
20621
2062946
2062976
20646064
20646803
20648200
20653168
20660087
206663
20679415
2068726
206999
20731222
2075107
207560
20756850
20756966
20756967
20757984
20769
207874
2080429
20810500
208215
208305
20836
20836075
208413
20858412
20872621
208836
208840
20893872
20903754
20913753
20913771
209443
209565
20957502
2096232
209717
20989225
209914
209919
210183
21056320
21083917
2108409
211003
21138276
21139
21147
211484
21158533
21171418
2118246
21184
2119174
21207536
21212
21215506
21217
212192
2123148
21241
21245
212614
21265
2126546
2127116
21272
21280496
2128182
21281976
2128207
21285
21293270
21296224
2130
21312310
21312312
21322143
21342
21351296
21362
21368271
213694
21378368
21393077
21397214
2141
21433
2143312
21438200
21442
214490
214529
21463370
2146638
214737
21488
21496
21504235
2150475
21505
21506
21514
21514028
2151415
21525
21527
2154
2154635
21551874
21554680
21555729
2155752
21566
21566765
21576291
21578153
215891
21593884
2159778
2161043
216143
216192
216211
216216
216260
21626234
2162835
216361
21646002
216474
216488
21652
21655
21665
2168889
21690
21695164
21714
21722527
217289
217472
21748
2175129
21779732
21781
21785
2179
21790
21796563
218110
21814770
21830
21837374
21855578
21857
21874113
218792
2187958
21883857
21893940
21902683
2190718
21924255
21924443
219268
2194126
21942008
219447
21954185
21955305
219599
21964941
21967718
2197032
2198661
21986867
219878
21991824
220050
2200527
22023768
22027492
220354
22040721
2204788
220533
22083
220856
2209985
22119060
221256
2212957
22133893
2214121
221466
22149
221537
221742
221773
22180765
22192200
22194
2219538
22207814
22208
222291
222448
2225882
22261
22278
222839
22291428
22292167
2230
2230235
22303
2230321
2230332
22305699
22308
2231504
2231965
2233890
22346929
22346936
22348
22349572
22371754
2237839
2238152
2238154
22391303
22402195
2240837
2241273
2242
224206
2242380
2243028
22437592
224515
224636
224700
22483
22487
22500443
22515916
22526
2256463
22576
22611558
226147
2261902
22623
22626644
22632519
22632609
22632742
226594
226597
226722
22681793
22687
22696213
22706
227108
22716
2274247
2275755
2275867
22760972
22760983
227730
2279544
227982
22799998
22803034
228053
228059
22810340
228158
22816
22842718
228569
228600
22862133
2287081
22877910
2287895
22900018
229072
229112
22915
22921
229236
22926
22934
22936
22939
22946352
22949
22954
22955745
22984
22986
22989
22990907
229913
229967
23001
23003
230079
23008629
2301291
23015
230322
23033
23034
23040
23084
23085491
23095555
230961
2310080
231020
23106854
231249
2312809
2314050
231443
231504
23154388
23158223
23170285
23172649
23178465
2318333
23191074
23193
23194
2319522
23203
2322223
2323045
23231423
232388
23239
232415
23244081
232495
23265978
23273
2327561
23275904
23276476
23278125
23290973
23318373
23321374
2332422
233373
233488
23366462
23369856
23371634
2338892
2339577
23397776
23416994
23420
234240
23426573
23434056
234393
23440
23470640
23476068
23477542
234798
23483
23493337
234954
234984
23501
235225
23534602
235451
23550312
235520
23555
2356246
23563280
235657
23567924
235757
23585
23592
23597
23603
23604
23611506
23622
2362507
23634
23635
23639
23645
23659805
236801
236809
23699
2370766
23709110
237132
23713433
23719
237192
237248
23732
23734
2374703
23763
237782
23805
23807055
238112
238212
2382256
2387222
238799
23898383
23902541
23915
23916629
239217
239327
239406
23941708
23943448
239450
23955286
23959691
23959766
23962
239863
239887
23995
23996
240058
240072
24017866
24022
2402376
2402839
240382
240410
2405965
24062516
2408
24084873
24089651
24107
24108975
24125442
241324
24133
2414
24142446
241655
2416632
24183901
241865
242001
2420207
24210031
24212780
24213657
24220268
24220290
24232
2426650
242778
24295969
24297671
24319181
24343657
243515
2435251
24354
2435889
24364888
24373
24388
24391644
244078
2440784
24425083
2442813
24431546
24445207
244479
2445001
24457888
24462958
24471780
24489
245041
24544
2455401
24566
24568072
2457
24597269
246042
246074
246270
246275
2462780
246328
24633670
24661
2466490
2467023
2467391
246748
2467818
2468312
24686241
24702
24707
24718
247613
247756
247772
247817
24782516
24783488
24784913
24824126
248269
24831001
248315
24844
248462
24849570
24872
248932
24897
24902
249115
2493
24932279
24933329
2493919
249474
24956
24968627
24975690
24982
24983
24984
24985094
24992
25
25008091
25010568
250436
250641
25071925
25081
25084
25101402
25102
25103981
2510472
25110709
25124801
25133221
251487
2515017
25151891
251534
251636
25166191
25184451
2518623
2518628
2518632
25202
25211
2521677
252173
25243033
252569
25259556
25267
252686
25271012
2527137
2527254
25274
25286
252905
2530137
25335695
253418
25353172
2538735
25391
2539563
2539634
2539671
25401
25403
254062
25409
25414
2541498
25417
25418023
25421
25422754
25423
25431
254328
25441
25445
25447
25452
25458
25459
254606
254706
25471534
25504703
25507
25523199
25524
25525
25532
25578519
255919
255928
25595604
255991
25606206
25611728
25613
25614
25646170
25647825
25652303
256577
256641
25688228
256986
25701
257210
257215
25725334
2573710
25758
25777779
25778403
25781
25784
25789277
2583120
2584003
25856
2585958
25865948
25866628
25867
2586793
25868972
25874713
25884036
25888
258952
2590564
25912516
2593
2594
25948250
25964
2597732
25978572
2598
2600983
26032205
26039985
2605710
26094
260987
261128
261177
261429
261460
26153433
261556
26162030
2618513
261925
26197
26215979
26219128
26223004
26232
262927
262933
26295755
26298
26301
26302373
2630865
26310
2632114
26323906
2632897
26346644
26364
2636682
26372031
26385187
26392270
26392343
26403291
26414
26422437
264249
26439962
26446
2644614
26458209
26467893
2646880
2647677
26478
26484
2649947
26512871
26529422
26534334
26534505
26541583
26543151
265447
265570
265753
26600654
26610577
266137
26614167
26615845
26619690
266424
26654243
26667
26685
266858
26690992
26693588
26700
26714
2672905
26732041
267428
26748
26750
26762765
26769
2677091
26779
26781
2678329
26787
26789
26791
26795
26797
26808
268111
26817936
26825
26830
26833
2683714
26847
2684988
268515
26855598
26859
2689819
269040
26945218
26952
26956
26961
26962511
2697304
26977
26980722
26990
26994
2700105
27010
27019
27022821
27036
270468
2704720
27067
27069
27079097
27083115
2708473
27087638
2711029
27113
27122
27149322
27157228
27165
2720954
27221218
27228269
27277511
27278
2730563
27308
27318
273285
27338
27354565
2736
27364318
2736470
27379159
27408374
27421
274440
274635
27470
27476860
275128
27532574
27542757
275474
27557506
275682
27576
27634656
27637
27640
276495
2765047
27651043
2765210
27667
27669950
27682346
27684
276872
2768815
2769581
2769996
27709
27710907
27735213
27743
27752
277584
27763
277641
277663
2776744
27774
2777609
277810
277880
27813
278245
2785710
27865
27901819
27923301
27931926
2797313
27980
27992
27995
28011530
28034
28037332
28075710
28080823
2809154
28119
28129707
28131273
2820059
282220
28253826
282635
28272
2828629
28296
2829632
28305
28352
28381
283976
28431
28431870
28443
284770
28481
28483
28487129
2848905
285141
28523296
28548075
28562947
2856466
28564975
285979
2861
2861464
2862181
286363
286378
2864
28651982
28663032
28667378
28671774
286818
28683802
286880
28741
28763414
28764
287790
287860
287911
28795485
28798011
2880535
288276
28829
2882912
288292
288311
28857
28908
2893147
28944
2895304
28966585
28981965
289862
2899086
29000
2900017
2900869
29018265
29030129
290327
2903570
2905017
2905849
2906083
290622
2906805
290763
290809
29082
29090
29107
2911961
29123
29133421
29152695
29174
2917649
292231
2922404
292265
29238
29252
292598
29265
29266
292690
2928464
292885
29301
2931151
293133
293426
2935251
2936499
29378099
2939161
29398109
293991
2941963
2943406
294639
294833
29488222
29498
29501
295077
29518
2952457
29529070
2954206
29548581
2956086
2957039
29572509
295743
295917
29606730
29607
29612
29631
2963660
296499
296550
29685633
2969767
297000
29718054
2971986
2972
29728037
297390
2974653
29762415
29773
297809
29789
297914
29806744
298070
29816
298221
298235
29831
29832799
29837
29857483
29863201
29870617
29874215
29880756
2988226
2991022
29922
299378
2994056
29954
30001526
30012
30013
30025579
30029
300325
30037010
30058
30067
3008596
30108127
30118
30128
30167662
3018296
30185559
30188
30196348
3019966
30241174
3024825
30276572
30286194
30297
30301582
30307
303137
30315423
303330
30340
303631
30365
303890
30402
304141
3043886
3044408
304471
30503
3052969
30531
3053507
305460
30552
30556094
3058340
30584654
305981
30602617
3062306
30636
3065810
30675685
306773
30679468
30682536
30690
307
307065
3072819
30746
307526
30758
30779536
307869
30798980
308
3080891
30821352
30862657
30897167
309187
30936597
30961
309641
309754
30994
3100521
310169
31023423
3102356
31034698
3103477
310872
3110553
31115283
3113497
311401
3114464
3117
31180332
31183866
31194939
31214
31217
31232053
31235956
31248290
31256
31262365
3127300
312809
31294792
31298867
31302
3131507
31320302
31324542
313297
3133697
31338064
313419
31342356
31350
3135183
314437
314491
31465615
31485388
31491
31509842
3151237
315143
31519566
31528082
315378
3154383
31558411
31559
31569785
31576282
3158172
31582407
315927
31598288
31615812
3163822
3163944
31641001
31653
316723
31685322
316889
316910
3169611
31717
31718
3172176
31723
3172747
3174097
31750
31756
317633
31767340
31769
31780
31783151
31791202
31792
31800
318049
31816237
31833115
318334
318391
31843
318439
31854110
31871
318784
3188174
31887093
318901
3189597
31917726
31934092
3193582
31939066
31945943
31970064
31975018
31990
31996390
32002342
32005243
32021
32036469
3204861
32065903
32069425
32087
32091421
32105425
32106850
32107837
32107929
321151
3215002
32169
32179958
32180128
32181340
32186253
3218648
321869
32198634
32204428
3220479
32231
3230405
323135
323392
32364156
323707
32374
32378017
32378566
32380922
3239191
324109
32427
324276
32441
32442
32443
324483
32453359
32455857
32471469
324872
325030
32509
32511
32511107
325329
3255317
32565609
32566024
32571
32572
325726
32573327
3257715
32581343
325856
3258605
32600
32611
32612
32616
326242
326471
32654
3265953
3267529
3270043
3271100
32744500
3274715
3275362
32756133
32798
32821267
328240
32851
328877
32897
3289982
32905
32910687
3291232
32922215
32927
32948719
3295060
329550
3295952
32977
329770
3297763
32997594
330217
330339
33040679
3304142
33047765
33047785
33061544
33072088
33123754
331299
33134
33139
3315213
33158
331693
3317239
33175
33183
33225184
33229722
33231033
33245385
3327778
33285238
332887
33293
3329308
33306
33332641
3333756
3334167
3338124
333887
33397036
33398611
33416103
33431583
33453274
3345681
334751
3348591
33494733
3352
33524335
3353280
33560001
33589
3360607
33607
33611908
3362916
33645
33660916
33679270
33692
33700588
33718
3373310
33755880
33756668
337833
337869
337903
33800
338104
3381185
3383
338680
338689
33870
33873
3390
33912
3391396
339302
339838
34035
3405245
3407706
3408
3408308
340982
3410
3411777
3414511
34151
34154
341987
341988
342020
34258
342641
34272
34273
3429092
3434750
34361
34385
34413
34414
344148
3442442
34484
344859
3451570
3452206
3452774
3454
345419
3454452
34545
34555
34570
3461736
3462
3463
3464435
347107
3471186
3476477
3480573
348097
348450
3487107
3503207
3506386
350672
350674
350685
3509055
351227
3512501
351254
351513
352927
352939
3531662
3535793
354220
3549920
355643
356382
357125
3571486
357353
358
3589599
3590130
359239
3593829
3596455
3608055
3611293
361425
3616597
361758
361897
362386
362488
3628919
362892
363430
363442
363996
364299
364578
365154
36546
3659649
366458
3665897
36680
366808
3671720
3672046
3673870
3674777
367843
3680869
3681304
368262
368413
36856
368586
36869
36885
3689073
369971
37010
37039
370432
3704475
3704899
37071
370782
370815
37104
37123
371299
37137
37138
3717
37196
37207
3723603
372478
3729225
372962
37304
3730788
37315
3734085
37349
3735409
3736784
374025
37403
3741945
374304
374417
3745321
375091
375238
37535
375416
3755288
37556
37585
37613
376186
3765637
3768963
37694
37699
377100
377234
37738
37753
3778
37789
37800
378537
37857
378661
3788923
378938
3792917
379472
37966
379874
380405
38076
381219
3812769
382059
38218
382466
38272
38286
3832
38337
383472
3835549
383854
38407
38481
3850
385745
3858882
386540
3877892
3878
38801
3880802
3882218
38894
3889704
38939
389564
3898956
3900213
3900832
39021
3907319
391167
391313
3916
391613
39206
392389
392438
39262
392689
392707
392807
392811
39301
39353
393585
39376
394134
3942594
3946329
394633
3950
3954
395477
3956
39562
39566
3957449
3960525
39626
396275
3966054
397245
3972939
397584
3978595
39807
398124
398459
3997
4003872
400598
4006255
40114
4015
4016139
4020445
402402
40254
40323
4034216
403627
4044093
4052447
4059023
406484
406551
406624
4077
407843
408186
4087576
4090801
4092
4093054
409416
4094431
4095460
409919
410722
4107919
410978
411399
411509
411590
411844
411893
4119246
412032
41207
412113
4122592
41244
412676
4132335
4132914
4133285
4136723
4139556
414806
41501
4153008
4153069
41536
415406
4155362
4155777
416255
416779
417044
418101
4182449
4183
4185
41890
41891
41914
41916
419222
419259
419386
41940
419631
419686
420034
4206694
4210600
42132
42139
4214
42142
42162
4222492
422315
4223528
422504
42253
42266
42272
4230
42328
423724
4240766
4246
424789
4249960
42526
42528
42532
425443
425938
426219
42626
4263768
4263988
42726
4286622
4287639
428893
42918
429253
429415
429487
42967
430029
4301279
430716
43094
430976
4314626
43254
4325474
432986
43355
433584
4336836
43405
434326
43444
43449
4345
43455
43460
43464
43476
43494
4349679
4359720
436327
436824
436831
437099
43712
43780
437861
437868
43826
438655
43866
4388129
4390344
43948
43980
439973
4400374
4402098
4403320
44044
44062
44063
4410781
4413422
441501
44154
4421272
44245
44251
44307
44312
444471
4445282
44474
4448647
445022
445218
445239
445258
44568
445817
445952
446404
4464817
4467828
446843
44706
447089
447842
447990
44812
44816
448321
448850
450526
45086
450955
451177
4513042
45249
45346
4537268
4541652
454351
45446
45470
4549152
4552645
4552831
4554651
45547
455987
45621
4562274
456252
4562815
45633
45642
45710
457210
4572582
4575803
457623
4576465
4577492
457857
45804
458444
4587473
4599238
4599312
460263
46038
46044
46053
460689
4608449
4609050
460927
46112
4620
46216
46224
462469
462933
46313
463575
4637216
463734
46374
46439
465183
465334
46539
4654
465754
465924
46636
4665199
46675
4673645
4689264
4694017
4701581
470286
4705345
4726991
472872
472878
47293
472939
4730432
473367
473370
4737698
4744384
475037
47512
475952
4763
47643
4764461
47687
4770
47702
47717
477535
47763
4777558
477975
478435
4784694
4797057
4799746
479983
4805
4812151
48139
4818434
4820663
4822
4823836
4827
4835266
483672
4839173
48404
48489
4849238
48548
48579
485923
48605
486112
48771
4880551
488083
4881604
48824
48830
488341
488730
48874
488840
489334
489526
4896876
48990
49024
49033
49091
49121
4913027
4916053
491936
492271
4927883
49392
4941595
4941851
494785
4948059
49535
4960
496064
49610
49611
49644
4964562
496730
49725
4972807
4973010
4973033
4973059
4973257
49733
498220
49823
49856
498796
498934
4995390
4998935
50020
50021
501364
5017425
501829
5028523
50326
503474
50355
5041891
5042481
5042758
5042862
5042916
5042951
5043544
504697
504805
504807
5049099
504928
505326
50558
50578
5058739
50603
50614
506422
50650
5065725
5069516
50712
507197
507266
508127
5082560
509190
509500
510016
51025
51042
51053
51079
51119
51123
5112847
511466
511629
5116476
5119376
51200
512045
51249
5127946
51319
51320
5134465
5135982
5145183
51464
51469
51483
51490
5149505
51510
5164819
51654
5170
517386
5174275
5174906
5176
5177
5178
5180
51812
5181818
5181913
5183633
5188
51885
51892
51916
52015
52033
5205784
5205878
5211
521267
5212945
521484
521555
522130
5224
52271
5230827
52328
523282
52357
5236322
524428
525028
525098
525298
5254
52653
52685
527046
5276522
52847
528520
5301364
5301493
53016
530216
53091
5311
53132
5317064
5321
5321016
5323
5324885
53255
53273
53277
532793
533365
5334607
5337318
53392
5347
5363
5363776
5367458
536778
53682
5368651
53723
53741
5376
5387
53879
5388
53912
5392947
539672
54000
54035
54041
54044
5407
540979
5413540
54137
5416
542223
5434754
5441736
54427
5445613
544733
54533
545562
545590
5457088
5458129
54783
547964
5479794
5479856
548102
54838
5488
5488304
5489
550190
550451
5507172
551448
5516230
55170
551711
552466
5527416
553121
553982
5552036
555539
5561
55633
55697
5573
55816
5583626
5590004
5593
560252
560556
560777
56086
560876
5609113
5609640
56101
5610120
56114
56124
5614178
561696
562444
5626
562788
56309
5634512
563466
56435
5644591
56474
56476
5647678
565144
56520
56522
565594
56565
5658554
5659685
5664
566664
5669923
567097
5679416
5679464
568209
5689
569
569480
5695
5704308
571618
573227
5734
5736781
57414
5745869
5751
57546
5759
5759475
5760
5762008
57622
57685
57688
57707
5773736
5774409
5774724
577715
5777246
577858
578014
5783563
57845
5785
5787
579108
579359
579414
580277
58086
5810
5820
5822
58224
58294
5829511
58299
583117
5843419
584617
584881
584966
5850079
5851178
585538
586276
5868124
58687
586997
587618
58849
58920
5894168
5897742
59062
5914
5919
5920
5920618
5922408
59238
59252
5926
5928345
593
5931
5936405
594501
5954319
595535
5961
5961115
59625
596646
5966571
5973878
5975601
597844
59789
598302
59861
5986666
598669
5988178
5988464
599178
600102
6002056
6003459
600366
6019
6020781
602412
6026708
603166
60355
60368
6037917
605466
605477
605484
605541
60557
605837
6062759
606810
606848
6074674
607530
607572
6079863
608181
6087384
6097240
60976
609808
6101887
610957
61193
612228
6132745
6139873
6142110
614484
614839
615222
615640
615724
6166906
616901
618649
61884
618870
61910
619350
6199688
620229
620640
620667
62073
621169
62166
621732
6227883
6231
6235
623686
62385
6241951
624313
62433
625462
625849
6259941
6267
626817
627
6281223
62912
6295
63089
6310118
631159
63121
63135
631671
6317426
6319249
631978
63221
63262
63317
633574
6336728
63380
6338118
6339
633963
63403
63501
6354378
6355
635867
63630
637102
63742
63876
63879
6393385
64204
64252
642871
6437
64384
644688
64485
645125
645268
645624
645676
6456874
6458
646478
6467167
646743
64704
64803
6481898
6490834
6491897
64919
6495461
64959
649824
650321
6512121
6515645
65174
653
65444
6546
655311
65565
6558259
656951
656965
656979
65758
65828
658454
659094
659359
660850
660930
661270
662088
662134
662193
662624
663810
66499
6650
66540
66542
665948
6661945
6664689
6668778
6668999
667093
6671302
6674412
6675
669120
66935
66936
66984
669899
66997
6711330
671727
6717633
6721754
6728622
6730385
673123
67393
674
6742
67475
67482
6749
67554
676
6762680
678078
6784
6793630
6803280
6803609
680674
681683
682337
6823439
682482
682524
6836
683704
68419
68513
685311
6854997
68672
68686
68753
68754
68761
6878687
6880370
6880483
6886
6886935
6889
6896591
6899502
689975
690237
690708
6910
6916
692808
6929826
6933
693310
693342
693615
69414
69415
6951166
6958562
695993
6971334
6974
69760
698226
69832
69880
699390
703002
70322
7033982
70348
7039
70425
7047788
7055844
70603
7061038
706999
7071096
7072883
7083812
708399
7085
709137
710197
71020
710771
711230
7114577
712228
7126165
71262
712675
71268
714024
7140337
71627
7172
7173874
7175
7176
7176679
718442
718763
7192663
72019
72048
721807
7222345
722993
723408
723482
7242
72487
7249317
7252
7253842
725516
7257
725821
72584
72717
72754
72896
7299
730271
7309198
7310685
73165
731735
7319263
73213
7324379
73276
73374
7338685
7339152
733929
734434
734585
7349764
73513
7355677
736
7363
7363066
7365509
736857
736919
7370562
7395968
7397019
7398
7400480
740176
7410249
742316
7428228
743876
7438937
74567
74581
7466250
74677
746912
7485
748760
749745
7499233
7503496
75047
751
7515928
7518888
7522
75233
7528
7529378
75358
754295
7543
75451
75469
75473
754957
7554
7556348
7564
7582327
7585922
759312
7596654
7601579
76095
762977
763947
7641160
765
7664553
766527
7667819
766888
7675020
7681317
769016
7691134
76939
7696431
76972
770322
77182
7719312
7720374
7727099
77298
77444
775
77547
775623
77587
775985
7766354
7777747
7794
7796225
78023
780760
78147
7819615
782310
78471
7853202
78534
7866724
7868166
78689
7878457
788093
7881361
7883976
7885
7888444
7893269
7901095
79075
7907849
7921
7925
7937312
7938
794425
79515
795400
7954867
7955
7959
7962077
7966125
797776
7979787
7990
7991087
7992967
7994950
7999492
8003178
80077
8021088
803
80309
803178
803241
80329
803661
8036703
80381
803950
80402
8044628
806549
806560
8068982
8087628
8088
8088956
8096785
8104498
8111444
8112871
81223
81256
8138052
81450
8145410
81638
8165347
81682
817175
81724
8175074
818067
8192
8195726
819720
8210131
8221
822575
8227721
82285
8234546
82359
8250039
8252674
82533
826026
826903
826997
8283182
8286675
828919
829338
8293716
82974
82991
8305
8309451
8311
83117
8312380
832527
83449
8354347
8354624
8361748
83621
8366559
8375708
8375903
8377
83859
8388
83883
8389
839361
839388
839502
84026
841429
8417016
8417961
8419511
84199
8429602
8432080
844186
844809
8449
8460822
846329
8475537
847773
8492
8498113
8501
85029
850309
850743
8507539
8513
8519
8520
852274
85234
85248
853622
85427
854272
854294
8544
8544676
8560
85631
8569916
858937
8591
8601717
86025
8613
861492
8625
862592
8626484
863
8635379
864438
864956
8651
8661290
8666134
8677038
8687
868933
869096
8694326
8695082
869554
86996
87231
8723393
873021
874
8741613
874882
8760501
8767449
87950
880112
8807510
8816
8816730
8824459
8825185
883683
8837930
8837954
88514
885795
8859
8861950
886895
887450
8876124
88772
8886
888711
8891189
8900
89008
8906947
890797
8912174
89127
8914433
891855
8919104
89313
8935744
8945
894522
894729
89489
895417
8955979
896632
8979544
89842
89844
89908
89988
899930
90001
9005208
901111
9014
9017676
9028799
903152
904
9048197
9057775
90815
9087
9091287
909187
909888
910084
910662
91097
9110236
911519
91231
912551
9127632
9128036
913720
914
91609
916099
9171356
917917
917966
9180355
9188605
9192660
9209651
9209712
9217017
921858
922
9223
9223719
9236
9239
9239487
9247
9251
9252
92532
9257
9258
9262
926219
92656
9269429
9277
9279099
9282173
929786
9302322
93088
9311
9316
931668
9317
931814
9325864
933117
9332933
9334
9342783
9344063
9347957
93545
9356
9357007
935933
936085
9361252
936385
93755
93783
9386687
938791
939133
940606
9414134
9415419
942048
94240
9425
9435784
9447604
94535
9457
946442
9469448
9473322
9473941
9476
9503301
9510
951614
95184
9527920
9536
95360
954079
954508
9547490
9549
955164
95542
957023
9581
9583375
958896
9593
9601
9611
9620
9624647
962731
9627698
9630
9632
9635224
9649
965323
9663
967013
967280
9677529
9686678
9703
9704258
971173
971318
9715234
974396
9744855
9758192
9778122
9779
9784299
978740
979165
979564
98205
9845
984692
9855609
9858698
98692
9870223
988
988219
9890861
989128
98988
9903822
990505
990632
9919443
99224
99260
99358
993691
994177
9954210
9955143
99552
9971455
99860
999231
999536
999895
