100061
1001170
1001666
10023281
10029907
1003714
100385
10046788
10048
10049
10050167
10059202
100616
1007667
100796
10106
10110
1011688
10121426
10122005
1012230
10126
1013417
10136064
10136165
1014
10143051
1015821
101631
10175073
10191
10194862
1019567
1020549
1021882
102226
10239473
1024143
10244353
102490
10263
1026313
10282144
1029590
1030833
103307
1033455
1034505
1035240
10399920
10414377
104168
1042713
10441306
1045318
10454397
1045999
1046292
10469491
1048332
1053423
10534286
10536563
10550623
1056476
10566496
10568
105770
1059378
105963
10597
1060320
10617096
1062898
106321
1063895
106424
10646
10651280
10654170
1066808
1068172
10683
1068888
1069838
10701029
10742043
10742175
10742232
10756417
10770620
10793
10814
1082589
10826
10833797
10854
10865932
10873803
10878364
10881218
10891
10893
10913840
10920354
1092232
10934824
10946
10947710
1094776
1095099
10974
1098410
11005392
11014498
11015826
11042
110467
110474
11049
110515
110528
110540
110558
110572
110575
110577
11065091
1106744
11077999
11091078
11095271
11103231
11127
11128886
11129691
11132569
11142424
11152
11172139
1118247
1118281
1118651
1119484
1120468
1120471
11227134
1123749
11242
11250
1125602
1127111
11296709
11319
113379
11340019
11348939
1135593
1135721
113604
1136192
113624
1136363
1136417
11370
113745
1137915
1138116
11388236
1138849
11395198
1142230
1144302
11445817
1144991
1145207
1146
1146289
1146443
11480174
11507473
1151781
11525
1154806
1157839
1160238
1161869
11624473
1162876
11632
1165624
1165902
11671109
11693077
1171535
1172660
1172751
11749910
11762000
11762020
11771508
11776343
11778948
1178063
1178488
1183827
11843891
11846
11854761
11867
11878
11887
119049
11921
1195192
11955
1196
11966
1196694
1196708
11968
11970138
1197257
11973005
11979
11985100
11986
1199592
1199641
12010
1201016
1201385
12029940
12055604
1209545
1209659
1210028
12101522
12108
12118
1217251
1218565
12205924
12207
1220817
12236301
12244329
12244585
12253305
1225437
1227498
1228894
12293
1229942
1230235
12312919
12317473
123427
1234482
1236071
12376839
1240174
12408607
12417375
12430
1243182
12435574
1243822
12453941
12528628
12572350
1258888
12589955
12594
12617
1262800
1262973
126630
1266475
12665591
12674700
1269032
1269044
12705711
1273154
12737
1274
12741
1275656
1276
12776294
1279
12799
12821413
12823514
1283361
12835453
12835988
1283751
1283901
12840543
128608
12879609
1288382
1290958
1291
1292309
1297313
1297380
1297504
13010122
130312
13043195
130495
13065408
13081738
13083705
13090338
13097
13111192
13118811
13118980
13120320
13120827
1312393
1312867
1313101
13147270
1315063
1316019
1318526
13217320
13230106
1324064
13244959
132647
13270
13279
13288
13289
13290890
1330188
1330489
13314431
13368776
13368801
13371
13371284
13377723
13392949
13394087
13404
13406
13408
13411
13443682
13467
1348524
13496974
13497412
1352937
1352971
13530298
13531310
13543
13550
1356104
1356456
1356718
13595
135976
13615
13619874
1363431
13654
13667867
13673068
13673345
13677
13701688
1372161
1372490
13729
13734966
1374165
1374168
13765908
137721
13774
1377666
13777
13783210
13787071
13788146
13788149
13788151
138017
13804
13806
1380859
13811
13815
13851594
13855
1386629
13882056
13887
1389115
13921540
139242
1394381
13964
13980768
1398224
1398558
1401596
14063753
1407114
14095708
14102526
1410384
1413472
1414613
14148
14148568
14170
14174774
14176537
14183
142056
14230
14240
142586
14263655
142905
14294490
14294974
14299
14330196
143320
1433606
14348
1434833
1435136
1436953
143875
1439517
14451
144514
1445277
1446781
14471737
144834
144913
144936
1449735
14509266
145095
1452781
14533
14539
145429
14545
14560
1456744
14579
14580
14587
146018
1461624
14616280
14617
146230
14633725
1464440
146563
146702
14695769
14699018
14699256
14701585
14703173
14708
147101
14715409
14715937
1471637
147575
147724
147732
147734
147737
147739
147767
147778
147794
147806
14790
147952
14796
1481734
14822537
14827831
14831788
148363
148385
148415
14845316
148545
148742
1487553
148757
148868
148882
148898
148987
14902504
14907122
14914
1491594
1492776
1493565
14946
1495964
149920
14995351
1499547
14996361
1499768
1500026
150133
15015065
15025481
150259
1507931
15090416
1510277
151210
151441
15147
151496
15150
15151453
1515612
15174084
15174095
151835
15183570
151962
151994
15215
152256
15233899
1524458
1527493
152827
1530
15303116
153223
1533669
153399
153417
153434
1536221
15368428
1537049
1538321
153981
154099
15435408
15440316
1544243
1545225
1545507
154698
154723
154754
154774
1547968
1549474
155650
15571
15573
15578959
15601
15606
156210
15630
1565499
15678352
15678664
157427
15757636
15757695
15766
1577869
158019
15802488
1580726
15813
15822958
1583085
158383
15852
1585497
1588377
1588384
1589477
1589701
159018
15928
1594423
15960579
159610
15976
15978056
15995094
160227
160240
16025171
16027
16064703
160914
1609560
1609619
1609989
1610199
1610640
161085
161247
16143
161515
161557
161585
161591
161704
1617143
16179920
16181821
161968
16216432
1622036
1622309
16229
16268866
162852
162883
16315657
16318962
1633082
163389
1636825
163847
1640366
1644140
1648676
1648694
164945
16518244
16532997
1654192
1656551
1658108
165990
1659910
166010
166021
1660577
16610
1661437
1661634
16620410
166215
166271
166286
166289
1665292
16663163
166931
167079
16718322
16719780
167241
16746
16756
167599
1676170
167689
1677101
16772
16775
16810559
1682811
1684855
16851029
16854
168552
1686549
16868171
1691345
16914039
1693085
169734
16985
1701911
17022604
1702752
170318
17033608
1703938
170508
170537
170691
17080
170809
1708450
170920
17098
1713536
171431
1714369
17146257
17159681
17171
171752
1717746
17204
172121
17219633
17238567
17238607
17247244
172474
172648
1727565
1727767
17306237
1733437
173351
17339060
17349325
1735247
17362
17363759
17369566
17371877
17416221
17416342
1742190
1743486
17473417
17514
1752449
175431
1755442
1756405
175768
17581269
175905
17628752
17628757
17628804
17641967
17649951
1765293
1767648
1767696
1767747
1768579
1769150
17727
17739
17741454
17752414
17769726
17800228
17825360
17841938
17846
17857588
1786
17867
178952
1789572
17909
17934374
1794825
1795013
17951331
1795339
17961674
179750
17976176
179770
179787
179797
179863
17993666
180075
180280
1803647
180481
1805340
180557
1806671
180697
180752
18081
180874
180922
18098194
18110
181381
1814
18144967
18164351
18166931
18193979
182113
18213
182164
18216440
1821850
18227172
182410
182462
182595
18260175
18261707
18265112
1827851
1828867
18290
18306
18313
1831309
18321465
18322006
18326886
18327
18328
183403
18362
1838876
183897
1839870
18399439
18400418
1841271
18426568
18457137
185041
18508
18543171
18548006
18567210
18571
18580879
185901
18591996
18598487
18603746
18617690
18617998
18618102
18618239
18622259
186266
18637401
186388
18643
186538
18660332
18660937
18660940
18660976
186612
186932
18707988
18717338
1872202
187222
18741508
187622
187633
187688
187724
1877416
187781
18790468
187911
187994
18812122
188213
1882164
18836
18839
18842281
18842359
18845
188545
18856
188744
18890
18892406
188970
1890794
1893511
18938049
189399
18940
18944028
18949350
18949461
18949613
18949668
18951490
18951556
18952243
18955999
18957
18959138
18959902
18960141
18963870
18965436
18973446
18976184
18978811
1898394
18985
18985287
18985949
18994022
18998750
18998781
19001
19006
19006979
19009110
19009244
1903166
19036
1903882
190438
1905080
19052330
19068
1907335
190871
190972
19097669
19110
19111
19112
19114
191354
19149530
19159283
19159508
1916449
19167553
19174720
1917876
19178965
191871
19196010
1923099
19231
192314
1923282
19232949
19261
19262
19263
19264
19268
19269
19280734
19284336
19316942
19323800
19334
193353
19337173
19344654
19370576
19402741
19413932
19460383
194710
194714
194717
194884
19502677
19502853
195041
1950607
195134
195144
195173
1952154
19527
195468
1955275
1955371
19554533
19568112
19579
19588651
19591
19595060
1960423
19605700
19629560
19641
19644137
19673
196741
19680
1971386
19714
19718837
197236
19725260
19751395
19753667
197638
19764372
19764425
19769652
19775174
19775176
197865
197867
1980402
1980417
1981818
1983217
19839738
198584
198761
19890188
1989197
19894
19944779
19944876
19945
19946514
19946864
1995638
199742
1997450
199804
19985174
19997782
200290
2006856
2007
20092732
20095993
2011495
2011531
201198
20120688
20127
20128295
201387
2015
20171
201834
20234254
202354
20268
20287
20288
20319
2032634
203464
203912
2039163
20403
20408844
20420
2044570
2044881
204548
2047799
20496936
20500751
20501512
20518076
20525562
2052682
2053440
2056746
20572
20595
206018
2060858
20609697
20611127
20611385
20611428
2062660
206375
20640
20647197
20656228
2068074
20707212
207247
207371
20739494
207420
207441
2074862
2075980
2076856
2077393
208068
20838866
20863320
2087269
2087522
2087922
20886051
2089729
20913343
20928385
20929351
20964567
20989
2099710
21001
2100784
2101290
21017410
21022536
21039500
21042139
2104830
21050765
210560
21057829
21073772
2107838
210860
210868
21089378
21094382
21111
21133
21139
21148
21150647
21156976
21161132
21161134
21197
21208368
21216
21230890
21239632
21241
21242
21244
2125134
21255
21257
21258
21260
21263
21264
21265
2127046
212757
21280666
21291657
21296014
21296224
213059
213202
21332
21332641
213362
213413
213471
21347364
21347643
21353
21354
21355
21356
21359
21360
21378368
21388684
2138941
214011
2140531
21405519
21446201
214577
21473063
21492980
21495845
214968
214974
21504235
2150513
215107
2154
2154853
21555729
21555752
21556371
21560
21563560
21587325
2159758
216140
2162
2162986
21663839
21670
2167691
21685
21694
21704
21713401
21714
21745
217487
2176142
21762061
21765199
217778
21785
21791
2179531
21796606
21809
21809109
21819561
218232
218299
21849
21857
21894281
2190194
21909821
21912865
21913441
2195100
2197157
219797
219862
219965
22011
22023275
220458
22046010
2205844
220635
22096153
22104909
22112840
22131
22131402
221841
2218890
22194
22209478
22229132
2222952
22235683
2224716
2224881
2225573
22258580
22278
22292141
22309
223205
22321579
223318
2235058
22370
22389223
22393474
22425878
22447078
224515
2246073
22477
2248762
2249026
2251662
2251732
22524
2254639
22550605
22576
2259299
2260228
22620369
22621
2262276
2263491
22680
22697824
22706
227062
22722
227244
227411
227602
227604
227679
22773211
2278868
22793498
227983
228100
228180
228274
22834
22839002
2284275
2286104
228744
2288568
2289648
229198
2292375
22939
229698
22989
23006128
230325
23034
230360
23041
2305259
2305953
23070
230914
230930
2310636
2310780
231504
23152865
2315915
2316044
231728
23193
23203364
232162
232190
23227415
232367
23237
23239
23242
23244
23247133
23248387
23269362
232856
232859
2329774
23298491
23306833
2330959
23310
23336
23340
233418
23347
23363583
23366955
2338740
23416994
234176
23454335
2345538
2346156
23469023
23476997
23489161
2349113
23501
235082
23517038
23534003
23550
23550176
235696
23573419
235757
23577549
2361042
23627
236323
23634
236388
23641
2364557
23668708
2366882
23704
2370744
2372942
23745
23747240
2376620
23774031
2380
238353
23840
23844
2384933
238561
238674
23868363
2386953
23871
23878
2387806
238882
23903196
23916629
23958205
23965069
239720
23987465
240073
240220
24050513
240583
240706
24071884
240730
24077
24080464
24086463
24086495
24110
241517
241821
2418699
241909
2421391
24228517
24236
2425285
2426304
24281
242813
242819
24292133
2431323
2431781
24320051
2436097
243907
2439362
2439479
244159
2442306
2443313
24447
244543
24458
24474
24474401
24475
24498581
245067
2452148
24542769
24571151
24583357
24592275
24598
246324
24633155
246341
246942
24699408
247083
247273
247292
247533
24768
247845
2478598
24802513
2480627
24833
248569
24883244
24895346
2492264
249314
24947
24951
2495537
25002
25014084
25017437
2504360
25082950
25122
2512200
25126
25142732
2517053
25187361
251903
25213
2522192
25231
25287141
25290681
253068
253673
253897
25391
25402
25412
2542150
25423
25427
25433458
25439732
25441
25473
25475
25498357
25498363
25501403
25507
25508
25509339
255219
25529
25543060
2558355
255919
256046
2562401
25632837
256420
256730
25675557
256762
25711130
25715
257231
257240
25748
2574990
25778403
25781388
25784
25789635
25814008
25845
25890428
2592336
25924
25936
2595751
2596042
25978572
26035
26035052
2604186
26049
26051975
2606898
2606967
26074
2608747
2609793
261145
261294
26131
26145195
261460
2614843
26168
26191
261993
26206067
26216676
26219690
26227
2622904
262376
262540
26254566
262676
262679
2628482
26301463
26321847
263257
263329
26340358
263479
2634793
26349082
2635143
2635145
2635160
2635179
2635183
2638458
2638487
2639407
2639573
2641279
26421916
26437
264746
26503411
2650443
2650990
265317
26538695
265516
2658458
266229
266339
26667
267008
26703571
267239
267366
267450
26748
267535
26763
26769
26779
26781
267940
26795
267954
26800646
268067
268075
2681197
26825
268800
268987
269024
26902581
26903
26920
26939714
2697596
26980
269816
26988991
26989
26994
2699428
26998504
2700668
27019
27020
27021
27022
27024
27028
27058
27061
2712500
2712956
27154
27179008
27184609
27216426
2727018
27299591
2729996
27318
27321
27322
27325
27327
27362139
27371
27372
273754
273756
27376
273940
27406894
274073
274101
27410694
27412167
27461
27462
27464
27465
27467
2748893
275009
275378
275397
27544070
275519
27552742
2758099
275811
27585
27643
27649748
27658
27658424
276592
276598
27660
27681815
27682587
2769445
27698
27709
27712
2771934
27751221
27781831
277892
2779
277914
27801
2782
2786140
27909808
27931
27977
2798456
27989
27992
2800690
2802
28025234
28047278
28105546
2811280
2811845
28123085
28127847
2814303
2814371
28181711
28191
28208
28222625
28258
28272
28288
2830206
2830241
28314
283808
2839224
2839932
28410630
28480
284812
285435
2854616
285974
2861
286338
286369
2865534
2866705
28678
2868094
286844
28687
286880
28758815
287723
287786
287866
288276
288487
288526
28887828
28901365
28911
28943
289466
289540
289641
28980611
28989696
289963
29008818
290200
290237
29028
29035
29036
29110600
291324
291698
29173973
29174
2917439
291767
29177417
29187801
2919356
29199520
29228
29229
29252
292755
292874
292941
2931851
29323
29328818
2939242
29443052
29490
294974
29504627
295459
295579
2955933
29612313
2962623
296550
29656
29678
296875
2970
297001
29709225
29717248
297220
297293
29773
29778
2978818
29789
29812
29831
2983349
29840
298883
29922
299395
29940008
29969
30003
30034
30057
300594
300659
30066416
30067
30069643
30081608
301064
30107
3011904
30145775
30146738
30153241
3017926
3018772
30212391
30228758
30228818
30229301
30230027
30230118
30297
303026
303043
30322
30339
30365
30374
3037898
303890
30392485
30397912
30409677
304150
304258
304305
30454440
30458550
304917
30511729
30535
3054918
30587110
3060584
30619
3063154
30635
306474
30680
30690
306918
307315
30745267
30745270
30758
3076885
3079
3080
30802003
30820349
3083992
30858300
30859078
30860044
30861
308634
30863473
30864664
30871134
30874339
30875803
3091266
30916
30918130
3092
3092190
309220
309401
30946368
309666
30984
30988
3100477
310240
31050585
31056
31066463
310699
31077551
31078226
31106
31107
3110746
31128
31156
31157744
31161
3116138
311632
31182
31183
31214842
3122613
312266
31268
31316411
313320
313405
313833
31391320
31407470
314078
314097
314298
314392
31441772
31453
3146395
314803
314842
314848
314855
31504
31516
31596458
31605
316307
316358
3165026
31664669
31709685
3171468
3171677
31717
31723
31724
31725
31725590
31726
31727
31729
31731
3173195
31757870
31769
3177105
317931
31797
318209
318580
31873
31927
319670
319692
319775
31987434
32019
320211
32022
32024
32047724
320622
32070
32073
32087
32090
320947
3213632
3214
3215384
3216736
3218952
3220349
3222748
32237
322578
322655
322666
322808
3230113
3230204
323080
323091
323103
323111
323128
323135
3232951
32335
32378
32379
32380
32381
32384
324
32401
32410
324109
32441
3245052
324949
3249506
32511
3252498
325329
325470
32603
32611
32623
32629
326388
3264074
3266469
326719
3267529
3276860
3277
3278380
32796236
328425
328874
328930
32897
32917
32927
329655
32966829
329686
329688
329689
329690
329694
329695
329697
329698
329699
329700
329701
329703
329704
329706
329707
329708
329709
329710
329711
329713
329714
329715
329716
329717
329718
3298387
330146
330788
331170
33124920
33139
33206867
33236
332438
332781
332902
33306
333438
33425
3352
33543740
33550
33555
33558787
3355883
3356
3356305
33566396
3357842
335928
335937
335939
335940
335947
335962
335964
335965
335966
335967
335968
335970
335972
335986
33613
33640553
3368854
3368907
337599
3378533
33800
33804
3383
3384002
3386
3386539
33873
33879
339032
33941
3395
339549
33982
340281
340634
34064
34069
3414021
341858
341967
34198
3423145
3423613
342517
342577
342641
342663
343246
3433405
3434750
34392
3442155
3442219
344430
3447769
3449789
345090
34668
3479387
348300
348361
348597
348996
349007
349734
350660
350969
351003
3510045
351305
3517973
3524766
352591
353811
354666
354767
355989
356488
3568294
357896
358272
359195
359339
360101
360278
360676
360759
360781
3607937
361120
361262
361299
3614167
36168
361758
362070
362289
3625449
364173
364319
364917
36511
3651581
3655260
366059
366120
366900
367453
3674789
3677824
3677871
36787
3682191
368660
3688143
36968
36969
3697600
36979
370320
3705463
371313
37161
371830
371842
371876
37297
372983
3730382
37313
3735620
3738797
373930
37402
374039
374100
3742
37420
374631
3747
37472
374986
37545
3760161
37604
3761756
376432
37652
376791
3769622
376979
3769966
377194
3773536
3778
3784359
378451
378461
378475
37857
3786034
378691
3788
380351
38078
38079
38091
3809930
3811
381306
38284
382967
383687
38473
384817
3850
385031
3850357
3854883
386384
3870952
3874132
387578
38776
38791
38972
390066
390076
390239
390875
39112
39135
391517
391547
3921
3921614
392309
392436
39316
393272
393518
394085
394328
394536
3947188
3951652
395726
3966054
39688
39690
3973
39736
39803
398279
398631
39938
399912
400034
400056
400821
402120
402681
40293
4039286
404226
404487
4045710
405251
405267
405276
405298
405300
405359
405585
405841
40696
407478
4075427
407616
407826
407843
407950
407971
408055
4084504
4092
4096472
4099
410189
4101986
411020
4115
4118106
4124
41275
41298
413119
4131940
413475
4139684
414082
414113
41415
414461
41458
4146
4147
41536
4158
416499
4166924
4168434
4168516
4170
417121
4173
4173700
4178558
418087
41822
4182449
419271
419369
419434
419692
42010
4201066
4205554
421533
4215560
421853
422001
422593
42389
4242495
424445
424984
4252367
4253551
42556
426522
4269246
426955
4269567
4270552
42737
42758
4276011
427614
428558
4285595
428633
428644
428966
4290
429487
4299667
4301850
430549
4311503
431282
431322
432607
4326833
43281
43311
4331751
4332630
4332907
4333006
4333135
4333344
43339
433501
43351
43356
4336408
4344551
43490
435223
435509
43598
436251
436699
437385
437626
438022
4389689
43941
43950
439506
439725
4397518
439887
44017
440178
44044
44183
442075
442223
4423254
442661
4430932
443480
44365
4443
4447640
44534
44552
445643
44575
446049
44653
44664
4467226
44683
4469051
44723
4473
4474091
447621
4487235
4491358
44940
449544
449669
449682
449744
4499539
450703
450957
452264
4523188
452428
45249
452851
4529019
453275
45346
4539821
4539862
4539899
454253
454746
455243
4552788
45592
4563738
456674
45728
4582654
45985
4599312
460253
461425
461990
462221
4628359
4636520
46396
46496
4651786
4652664
465446
466317
466686
466728
467668
46779
4681217
468436
468870
4689264
468997
4696
469644
4699587
47063
470850
47086
47087
471403
471772
4721
4726537
4731896
473387
47425
4748913
47512
4752175
4757305
47680
4772073
477241
47737
4774696
47785
478756
47948
479805
48065
481231
481262
481601
48173
482088
4821542
4824
48251
482629
482954
483463
484254
4848143
4855055
485939
48605
4863379
487336
487846
488401
4894490
489711
49039
490610
490714
490832
490989
491006
4911
49121
4912197
4913064
491554
491717
491819
49209
492332
4932663
493793
4944959
494807
494839
494922
495263
49544
49559
495750
496354
496524
496677
496894
497987
4982675
498491
498611
4987719
500894
501569
5018139
5018389
5034069
503857
504128
5042481
5042706
5042862
5042951
5043192
5043324
5043544
504379
5047207
50478
50482
5052197
5054242
50585
5058690
50650
5067771
5069516
5077457
5077504
50788
50819
50820
50821
50861
50862
508666
508964
509020
509080
5096985
5101180
5112990
511730
5119376
51258
512904
51314
514203
51462
51469
5150342
51611
5166
5166531
516846
516962
5171128
5172349
5176214
51814
519142
519156
5203031
52053
5211
5213
5215
521555
5218
5218802
52230
5224990
5228588
52293
5229786
52321
523213
523245
52371
52389
524618
5247
5249586
525000
5250029
52501
5252523
52549
52622
5264608
526488
5265811
526647
5268911
52714
52720
52742
52752
52753
52754
5275459
52755
52756
52757
52758
52759
52763
52764
52767
5282
528703
5287147
52888
528919
5297144
530296
5309
53132
531569
5320550
53215
532813
53292
5333211
534366
53446
534791
53525
535840
5363
53744
53746
538995
53900
53912
5401780
5405
540943
5416
54253
54327
54395
544183
54422
5463663
547155
548819
5488304
549059
5496681
5496826
54972
55033
5503609
550608
55079
55204
55205
55210
5538293
5553537
5556196
5561014
556400
556706
557394
557407
55801
558365
558561
5588343
55906
559297
56085
56140
5623339
5635
564836
5649
56494
5650153
5651972
56555
56558
565944
5665
56667
56706
56887
569130
56975
57011
5702
570661
570893
5711084
57157
57161
5716959
572330
572605
572754
573784
5743116
5754516
575594
5756030
57572
5760
576068
57612
57614
57615
57616
57620
576255
57648
576575
57658
57677
57680
5775179
577762
578147
57817
5783
5785
579223
57951
5796
579840
579976
580873
5820
583117
583923
5843419
584392
584769
5856028
585629
58568
586257
58688
588376
58858
58921
589227
59051
59056
5906
59062
5910261
59122
5919894
5921
5922073
593
5931
5934
594805
59493
595
59541
5958087
59592
5960250
59649
596708
596716
5974741
5975136
59755
59756
59760
59761
5979055
5994468
599776
6014
6015
6017993
60244
6027141
603083
6037917
604496
604727
605562
60558
6060518
6066945
606848
6073980
607457
6082234
6082293
6082336
6082367
6082400
6082445
6082531
6082579
6082815
6082904
6083034
609152
6097297
609874
612857
614586
61625
6162863
6169457
617169
61720
61722
61757
61759
61829
6187
61950
61953
61983
62046
62049
6218094
6231
62353
6236577
6237
624
624139
6241760
62529
625778
626692
626698
626921
62699
627
6270231
62710
627315
627581
627979
62808
628485
6293
62996
6300782
631068
632416
63394
6358157
6365
63679
63698
637368
637598
6376464
638039
63876
639649
639842
64085
6410594
64149
642180
6429
6429371
643822
645042
645231
645471
6464
647444
648277
6488398
649
6500183
6502679
65037
65064
6508669
65142
6524884
653106
6531088
65372
6551455
655822
656262
65639
65643
656589
658161
658766
658776
65961
66080
66417
66495
6653
66577
6668778
667163
66719
667206
66735
668894
66890
6690
6692120
66956
66958
66979
67156
672878
673326
673599
6736
673731
674863
67500
6754871
67922
6792822
6792846
6792879
6793101
680383
68041
680412
6806
6806516
68074
68115
681182
68272
683295
685457
6861005
6868
68736
6886
6889331
689
690
69000
69003
690038
69004
69007
6902690
690415
69058
690640
690646
6916
69170
6936
69398
6956184
695926
6963544
6968020
698
6981879
69894
6995089
69972
7000684
701670
702788
70374
704074
705072
705320
705327
7055326
705569
7056
706816
7089
7092367
70959
70961
70962
70983
70985
7107624
711211
713628
71413
7142
71486
715265
716184
716625
716657
7175
718
71807
7182741
71996
7212686
721273
72147
7221195
72296
7239229
72446
7245
724616
725125
72595
72821
728303
7306
731005
731043
73209
7340434
7351032
7351895
736
73664
7378682
738097
73883
738892
7391110
7391155
7391260
7404926
7412236
741950
74209
74217
74255
74337
7450
7452129
747226
7477065
7482751
7487
75022
7514833
7515928
752
753306
754028
75433
7543836
75458
757750
75806
7593080
760191
760230
7603861
7604393
7609024
760974
7612319
761578
761768
761801
762093
762863
763421
764236
764593
766765
767286
769016
7690352
7690427
7692955
76972
7701
7709600
771
771553
7718314
772405
77262
773215
77359
77745
77750
7783
7800201
780296
78056
78165
7830264
7878457
7883073
7885
7885522
7885683
7885690
7885696
7885697
7885702
7885704
7885706
789395
789709
7924125
7924189
7925814
7927698
79280
7931
7952471
7953837
7977764
798043
798044
799410
799616
79982
800
80169
80216
80313
8032
8033
8035
80356
8037
803941
8071281
80875
8087628
810810
81111
81114
81121
81263
8133
81345
81361
81432
81435
815148
81601
816266
816360
817505
8185
818996
8202879
8210131
8221
8224177
8227
82305
82425
82729
82757
8276991
82813
8282374
8302621
8307411
8311301
8316116
83238
83373
8339
83393
834902
83554
8398
8398161
839916
84237
842695
842957
843440
84358
8439817
844
845033
84505
84506
845086
84509
845097
845118
845156
845360
845833
8458939
84627
846426
84695
847772
8498156
85023
851627
851635
851704
852
852303
8539
854662
856
8569916
858340
859065
859074
859489
8597800
8600137
8607051
860940
863
8633902
864
864036
864667
8664
8666362
867860
8691
870724
87075
8707643
871083
871236
871340
872012
8752
8752553
8769
877207
879412
879557
8796211
881586
88243
88283
883231
883940
8841385
8841392
8841749
8842957
884570
8851254
88522
88528
88560
88572
887147
888903
8898174
89074
8914887
892193
892783
89480
89516
895586
896356
897352
89847
8985036
8989934
89908
899880
900697
903097
903898
904
9040377
90451
9074749
907614
9092487
910784
910944
911523
91195
91231
9127632
916560
919804
9203623
9208192
9209255
921442
92171
922794
9237560
9239
9251
92516
9254673
9262
926863
9282173
928622
9288
929761
9305401
930910
9316
9317
933057
9351946
9358669
9367138
93767
9380932
939380
9408845
9431326
945661
9459471
947178
947219
9480211
949894
950359
9517596
9521078
952514
95283
9530759
9557670
95673
95787
9580653
9580733
9583045
9587344
9606163
9614032
9614076
96603
96652
967678
967743
9698550
971803
9721252
9721402
9721541
9721607
9721634
9721673
9726536
9726950
9778900
977974
978118
97851
9809619
981
983940
984168
984290
984882
986007
987314
9878303
988407
990038
990501
9925526
99315
993293
9934311
9935903
9940234
994080
99419
9950625
995129
9951797
99627
99645
9974
9974600
998084
9989043
