856	19006979	10
856	7412236	10
856	89847	10
856	8841749	9
856	20640	9
856	22194	7
856	288526	7
856	25122	7
856	21694	6
856	300594	9
856	21492980	8
856	3677824	9
856	6963544	9
856	19769652	9
856	3677871	9
856	15183570	9
856	288487	8
856	15233899	9
856	18660937	8
856	18660940	8
856	18660976	8
856	13111192	8
856	25231	9
856	47086	8
856	17841938	8
856	4982675	7
856	172648	7
856	218232	9
19001	17416342	9
19001	7514833	9
19001	3747	10
19001	29656	10
19001	33982	10
19001	18890	10
19001	22194	9
19001	20288	9
19001	75458	9
19001	33941	9
19001	33879	9
19001	2289648	9
19001	208068	9
19001	75433	9
19001	34064	9
19001	21291657	9
19001	23347	9
19001	1717746	9
19001	3060584	9
19001	1275656	9
19001	984882	9
19001	15215	9
19001	185041	8
19001	43941	9
19001	2712500	9
19001	18717338	0
19001	1136363	0
19001	8841385	5
19001	7221195	0
19001	29252	0
19001	12055604	9
19001	81601	6
19001	13980768	9
19001	102226	0
19001	9317	0
19001	20268	9
19001	20287	9
19001	508666	0
19001	186612	0
19001	25784	0
19001	2595751	0
19001	292941	0
19001	24458	0
19001	17846	0
19001	5488304	0
19001	21378368	0
19001	2346156	0
19006979	21347643	8
19006979	20640	8
19006979	21492980	9
19006979	3677871	9
19006979	7412236	8
19006979	4467226	9
19006979	88572	9
19006979	8841385	9
19006979	3677824	9
19006979	15183570	9
19006979	18890	4
19006979	24281	8
19006979	21039500	7
19006979	22194	4
19006979	18457137	10
19006979	12293	8
19006979	2606967	8
19006979	2606898	8
19006979	645471	8
19006979	453275	8
19006979	4158	8
19006979	1701911	8
19006979	5922073	8
19006979	645231	9
19006979	24498581	9
19006979	1196694	9
19006979	983940	9
19006979	1196708	9
19006979	19769652	9
19006979	370320	7
19006979	31725590	7
19006979	25122	9
19006979	511730	8
19006979	148742	3
19006979	33640553	5
19006979	240583	0
19006979	1178063	3
19006979	19001	2
19006979	5042706	0
19006979	25427	0
19006979	32070	0
15573	37652	9
15573	30057	9
15573	800	8
15573	2802	7
15573	22722	8
15573	14183	7
15573	18985	8
15573	46396	8
15573	26538695	7
15573	46496	7
15573	186932	9
15573	15606	9
15573	34392	8
15573	179750	8
15573	61757	8
15573	524618	8
15573	30212391	8
15573	214011	8
15573	179770	8
15573	80313	8
15573	52230	8
15573	180874	8
15573	21663839	8
15573	6793101	8
15573	6792822	8
15573	180922	8
15573	179797	8
15573	59062	8
15573	329655	8
15573	179787	8
15573	59056	8
15573	6792879	8
15573	61720	8
15573	769016	7
15573	414082	7
15573	17080	7
15573	15601	7
15573	16746	7
15573	17098	7
15573	51814	7
15573	275378	7
15573	43351	7
15573	320947	0
15573	19725260	0
15573	42556	0
15573	263257	0
15573	18306	0
15573	1786	0
15573	4599312	0
15573	12594	0
15573	5042951	0
15573	47512	0
15573	342517	0
29177417	31717	10
29177417	88283	7
29177417	887147	10
29177417	10934824	7
29177417	152256	10
29177417	4721	9
29177417	402120	4
29177417	2608747	3
29177417	212757	3
154698	167599	10
154698	673599	10
154698	2162986	10
154698	21504235	10
154698	21555729	9
154698	26206067	10
154698	14545	8
154698	2426304	8
154698	324	8
154698	256730	7
154698	52389	6
154698	147101	2
154698	161557	6
3356	24110	10
3356	5043192	10
3356	3414021	8
3356	3434750	10
3356	5043544	7
3356	5042706	8
3356	242819	2
3356	24633155	0
3356	187633	4
3356	30535	5
3356	5119376	6
3356	15578959	6
3356	14170	0
3356	5069516	0
9288	25423	10
9288	25412	10
9288	160240	8
9288	17641967	10
9288	11846	10
9288	38473	10
9288	3434750	8
9288	38284	9
9288	2814303	8
9288	147101	3
9288	11077999	3
9288	27406894	3
9288	11129691	7
9288	8221	0
9288	25441	7
9288	11127	0
9288	20408844	0
66417	524618	8
66417	27660	10
66417	528703	9
66417	5047207	4
66417	1487553	2
66417	1283361	8
66417	643822	7
66417	583923	8
66417	3850	10
66417	1877416	9
66417	18985	2
66417	800	2
66417	228180	6
66417	18213	1
66417	3811	8
66417	10814	0
66417	148868	0
66417	26920	4
66417	1661437	2
66417	4242495	6
66417	256762	0
66417	1640366	6
66417	386384	5
66417	138017	3
66417	219797	2
66417	4469051	6
66417	361262	6
66417	15813	2
66417	27989	2
66417	4848143	4
66417	26074	6
66417	6300782	6
66417	14095708	10
66417	11843891	9
66417	28208	3
45985	1356104	10
45985	1316019	10
45985	879557	10
45985	2039163	9
45985	2248762	9
45985	1893511	10
45985	168552	4
45985	5052197	8
45985	26989	5
45985	3232951	10
45985	17867	6
45985	3222748	10
45985	3091266	10
45985	93767	7
45985	9316	5
45985	18856	5
45985	596708	5
45985	246942	3
45985	6376464	10
45985	2712956	5
45985	42010	5
45985	21139	5
45985	21713401	5
45985	18960141	5
45985	15852	5
45985	5171128	8
262376	1439517	10
262376	26748	9
262376	197638	9
262376	65961	7
262376	91195	8
262376	345090	8
262376	227983	7
262376	595	6
262376	97851	7
262376	21017410	7
262376	5054242	8
262376	43356	5
262376	1872202	5
262376	23203364	5
262376	3076885	7
262376	147724	6
262376	82729	8
262376	21150647	5
262376	2259299	7
262376	4911	8
262376	6524884	8
262376	381306	5
262376	6488398	4
262376	11095271	3
262376	871340	8
262376	945661	9
18457137	7878457	10
18457137	52742	10
18457137	371842	10
18457137	4182449	10
18457137	55801	8
18457137	18890	10
18457137	20640	9
18457137	6097297	7
18457137	34198	9
18457137	60558	7
18457137	33425	7
18457137	33139	6
18457137	17739	5
18457137	15150	5
18457137	570893	8
18457137	18567210	7
18457137	1045999	0
18457137	1297313	0
167079	18457137	9
167079	19644137	10
18457137	3216736	0
18457137	33800	1
18457137	2310636	2
18457137	19001	8
18457137	14617	8
18457137	1789572	8
18457137	102490	8
18457137	21050765	6
18457137	33879	8
18457137	22194	8
18457137	1136417	8
18457137	3017926	7
18457137	198584	9
18457137	100616	7
18457137	77359	7
18457137	19174720	5
18457137	3854883	6
18457137	1069838	6
18457137	31391320	8
18457137	867860	8
18457137	5287147	8
18457137	170508	8
18457137	374986	7
18457137	667206	5
18457137	18842281	9
18457137	7056	9
18457137	2478598	7
18457137	895586	7
18457137	2289648	8
18457137	348300	2
18457137	29831	2
18457137	12435574	0
18457137	28901365	7
18457137	19945	8
18457137	6806	8
18457137	13777	7
18457137	113624	8
18457137	23298491	6
18457137	41458	6
18457137	207420	6
18457137	3213632	5
18457137	24598	8
18457137	75022	7
18457137	8985036	8
18457137	19890188	8
18457137	2380	8
18457137	143320	8
18457137	27058	0
18457137	904	0
18457137	26145195	0
18457137	33550	0
18457137	340281	0
18457137	4045710	7
18457137	13377723	6
18457137	356488	7
18457137	5783	7
18457137	8841392	9
18457137	4473	9
18457137	30745267	5
18457137	30745270	5
18457137	25213	6
18457137	44365	3
18457137	32073	7
18457137	4397518	6
18457137	21347643	9
18457137	235696	6
18457137	20647197	6
18457137	25082950	7
18457137	25748	6
18457137	16229	7
18457137	92171	8
18457137	33236	8
18457137	454746	8
18457137	20420	5
18457137	1318526	9
18457137	26763	7
18457137	288276	4
18457137	41275	3
18457137	22393474	6
18457137	21347364	6
18457137	37545	6
18457137	2361042	7
18457137	8339	4
18457137	18508	4
18457137	5218	7
59056	13230106	10
59056	3116138	8
59056	3870952	6
59056	674863	10
59056	1377666	5
59056	4689264	4
59056	378461	6
59056	4443	4
59056	1262973	7
59056	1452781	8
59056	3383	6
59056	30587110	6
59056	38972	10
59056	10414377	7
59056	6082336	10
59056	335986	8
59056	195041	8
59056	1676170	10
59056	5843419	6
59056	320622	7
59056	182164	8
59056	187622	10
59056	7718314	8
59056	2811845	8
59056	871236	7
59056	1989197	8
59056	10050167	10
167079	2125134	2
59056	6082234	10
59056	9989043	8
59056	3368854	8
59056	497987	7
59056	214011	10
59056	1609619	10
59056	9282173	6
59056	15573	10
59056	24895346	6
59056	7239229	8
59056	175768	7
59056	59592	7
59056	557394	4
59056	6082531	10
59056	11340019	9
59056	9517596	9
59056	360676	10
59056	818996	10
59056	10194862	10
59056	9925526	10
59056	25711130	7
59056	7092367	8
59056	9530759	7
59056	2866705	10
59056	9726536	9
59056	227604	7
59056	232856	7
59056	1648676	10
59056	13497412	7
59056	9726950	7
59056	13371284	10
59056	2650443	8
59056	1352937	8
59056	3651581	8
59056	572330	10
59056	14703173	8
59056	4252367	8
59056	17514	6
59056	5919894	8
59056	71486	6
59056	13783210	7
59056	13788151	7
59056	2811280	7
59056	18265112	10
59056	11624473	9
59056	13368776	9
59056	16532997	9
59056	6082293	10
59056	32796236	8
59056	6082367	10
59056	160227	8
59056	21148	6
59056	6082579	10
59056	238353	8
59056	1145207	8
59056	52230	6
59056	170691	6
59056	50585	6
59056	148385	7
59056	378475	10
59056	1765293	6
59056	19629560	7
59056	25508	6
59056	1648694	7
59056	25936	6
59056	13788146	7
59056	13787071	7
59056	13368801	10
59056	14174774	7
59056	26049	6
59056	1434833	10
59056	227602	10
59056	9358669	7
59056	227679	7
59056	11388236	6
59056	19370576	6
59056	349007	7
59056	10046788	10
59056	92516	8
59056	13788149	10
59056	233418	10
59056	30802003	8
59056	26667	6
59056	148415	8
59056	6082400	10
59056	18144967	9
59056	180280	8
59056	11970138	9
59056	6082445	10
59056	31453	6
59056	50821	6
59056	3434750	6
59056	1082589	8
167079	25213	6
167079	394328	8
167079	481601	9
167079	30003	8
167079	31107	8
167079	324949	7
167079	667163	8
167079	24077	4
167079	20288	4
167079	71996	10
167079	47737	0
167079	445643	3
167079	3423613	9
167079	18622259	5
167079	442661	6
167079	10826	4
167079	18790468	6
167079	9614032	9
167079	9614076	9
167079	14701585	5
167079	17951331	9
167079	1275656	10
167079	1803647	8
167079	72446	9
167079	6861005	8
167079	21242	9
167079	374039	9
167079	12665591	5
167079	26902581	5
167079	20319	8
167079	2478598	7
167079	307315	8
167079	342663	8
167079	230360	8
167079	6097297	7
167079	27184609	9
167079	24080464	5
167079	468997	8
167079	19588651	7
167079	383687	7
167079	27649748	9
167079	8841385	7
167079	8841749	10
167079	20640	5
167079	16179920	8
167079	37545	9
167079	24883244	7
167079	4636520	8
167079	3171468	8
167079	639649	8
167079	21139	1
167079	9239	1
167079	31873	1
167079	19232949	8
167079	14996361	5
167079	19323800	9
167079	12589955	7
167079	702788	8
167079	655822	7
167079	3011904	7
167079	20707212	9
167079	236388	7
167079	2854616	7
30057	15573	3
30057	296875	5
30057	482088	10
30057	10833797	6
30057	3177105	7
30057	30858300	10
30057	10191	6
30057	617169	6
30057	83238	8
30057	588376	3
30057	489711	7
30057	5856028	8
30057	294974	8
30057	335939	8
30057	26703571	8
30057	385031	8
30057	26216676	8
30057	4166924	8
30057	424445	8
30057	265516	8
30057	728303	5
30057	8851254	5
30057	147734	7
30057	335968	7
30057	335965	7
30057	29173973	7
30057	335928	7
30057	405251	7
30057	335972	7
30057	335966	7
30057	335970	7
30057	405267	7
30057	29110600	7
30057	335940	7
30057	405276	7
30057	328930	7
30057	335967	7
30057	328425	7
30057	335947	7
30057	147739	7
30057	335962	7
30057	335937	7
30057	31504	7
30057	14330196	7
30057	329717	7
30057	329695	7
30057	329697	7
30057	329694	7
30057	329707	7
30057	329686	7
30057	329716	7
30057	329711	7
30057	329703	7
30057	329709	7
30057	329701	7
30057	329715	7
30057	329710	7
30057	329700	7
30057	329699	7
30057	329704	7
30057	329708	7
30057	329706	7
30057	329698	7
30057	329689	7
30057	329713	7
30057	329688	7
30057	329718	7
30057	329690	7
30057	28123085	7
30057	329714	7
30057	1035240	5
30057	695926	5
30057	5297144	3
30057	10534286	3
30057	5224990	7
30057	1119484	7
30057	1507931	7
30057	5228588	7
30057	496524	6
30057	4168434	3
30057	4168516	3
30057	1445277	3
30057	4101986	3
30057	19052330	3
30057	1461624	3
30057	4178558	3
30057	13531310	3
30057	13083705	3
30057	473387	3
30057	815148	3
30057	18965436	3
30057	816266	3
30057	15174095	3
30057	175905	3
30057	15174084	3
30057	25789635	3
30057	5101180	3
30057	4912197	5
30057	626921	5
30057	1743486	5
30057	31316411	5
30057	24583357	5
30057	16064703	5
30057	18227172	8
30057	191354	8
30057	4326833	8
30057	27909808	8
30057	24086463	8
30057	9587344	5
30057	9606163	5
30057	9583045	5
30057	376979	7
30057	390066	7
30057	390076	7
30057	166215	7
30057	2044881	3
30057	2699428	3
30057	13120827	3
30057	3298387	3
30057	432607	5
30057	18707988	5
30057	376432	3
30057	376791	3
30057	1118247	3
30057	1258888	3
30057	1118281	3
30057	6410594	8
30057	8989934	7
30057	2868094	7
30057	263479	7
30057	15025481	7
30057	995129	7
30057	13290890	5
30057	877207	5
30057	59493	5
30057	2439362	5
30057	2439479	5
30057	148882	7
30057	148868	7
30057	680412	7
30057	3760161	7
30057	6066945	7
30057	986007	7
30057	6995089	7
30057	1171535	7
30057	680383	7
30057	1903882	7
30057	5018389	8
30057	22104909	8
30057	11986	3
30057	544183	5
30057	19751395	7
30057	314097	6
52230	1218565	5
52230	378451	8
52230	179750	10
52230	557394	5
52230	400034	7
52230	31182	5
52230	405359	8
52230	335964	5
52230	883231	5
52230	9237560	7
52230	400056	8
52230	1034505	7
52230	998084	7
52230	319670	5
52230	2316044	8
52230	1026313	7
52230	7924125	5
52230	10654170	7
52230	442075	5
52230	2492264	7
52230	2839224	7
52230	405300	7
52230	2839932	7
52230	7885683	7
52230	5743116	7
52230	1923282	7
52230	2919356	7
52230	5650153	7
52230	10756417	7
52230	1407114	7
52230	19502853	7
52230	405298	7
52230	7885690	7
52230	366120	7
52230	7885696	7
52230	2087522	7
52230	7885697	7
52230	7885522	7
52230	7885702	7
52230	7885704	7
52230	7924189	7
52230	7885706	7
52230	2917439	7
52230	11142424	3
52230	11348939	5
52230	190972	8
52230	24086495	8
52230	18326886	8
52230	398279	7
52230	147806	5
52230	180075	5
52230	219965	5
52230	6968020	7
52230	11480174	5
52230	466728	7
52230	27682587	5
52230	13496974	5
52230	10282144	3
52230	465446	3
52230	13090338	3
52230	3368907	7
52230	3517973	7
52230	13443682	5
52230	8633902	3
52230	14822537	3
52230	5651972	3
52230	5503609	3
52230	1398558	7
52230	10947710	5
52230	1029590	5
52230	17769726	7
52230	1098410	8
52230	1677101	5
52230	604496	5
52230	4539821	5
52230	4539862	5
52230	4539899	5
52230	17033608	5
52230	14063753	5
52230	4681217	5
52230	572754	5
52230	6429371	5
52230	6886	3
52230	13467	3
52230	19946864	3
52230	390875	3
52230	27643	3
52230	17306237	3
52230	36511	3
52230	24320051	3
52230	36787	3
52230	255919	3
37652	179770	10
37652	4290	3
37652	348996	6
37652	10441306	10
37652	494807	3
37652	637598	6
37652	1481734	7
37652	26254566	8
37652	335986	3
37652	16775	7
37652	9950625	6
37652	3784359	6
37652	1714369	7
37652	15757636	10
37652	16216432	7
37652	3018772	6
37652	760974	7
37652	2254639	7
37652	10742043	7
37652	3230113	7
37652	3230204	7
37652	7690427	7
37652	10742232	7
37652	9351946	7
37652	7690352	7
37652	10742175	7
37652	3356305	7
37652	246341	8
37652	192314	3
37652	1659910	6
37652	1059378	6
37652	631068	8
37652	626698	8
37652	1172660	7
37652	19149530	5
37652	919804	5
37652	15757695	5
37652	437626	7
37652	1001170	7
37652	2609793	7
37652	18617998	4
37652	625778	3
37652	18598487	3
37652	2159758	5
37652	799616	5
37652	4430932	5
37652	2517053	5
37652	24474401	5
37652	6082815	5
37652	1733437	5
37652	6083034	5
37652	9254673	6
37652	14845316	5
37652	21197	8
37652	33206867	6
37652	578147	8
37652	3245052	6
37652	3100477	6
37652	187911	8
37652	341967	3
37652	11671109	3
37652	14699018	7
37652	2315915	5
37652	5756030	7
37652	3738797	7
37652	274073	7
37652	275397	7
37652	871083	7
37652	7351895	7
37652	13147270	7
37652	13118980	7
37652	1622309	5
37652	3625449	7
37652	13120320	7
37652	13118811	7
37652	7107624	7
37652	16810559	7
37652	3173195	7
37652	13010122	7
37652	3171677	3
37652	2366882	5
37652	407478	5
37652	2074862	6
37652	4863379	5
37652	834902	5
37652	366059	5
37652	4523188	6
37652	26349082	3
37652	22989	3
37652	6187	3
37652	23844	3
37652	11525	3
37652	585629	3
37652	81263	3
37652	73209	3
37652	55906	3
37652	12312919	8
37652	13921540	8
37652	21161134	8
37652	21161132	8
15573	525000	2
15573	19605700	3
15573	59122	5
15573	1806671	7
15573	24592275	5
15573	30228818	5
15573	30212391	7
15573	30228758	7
15573	61722	7
15573	46496	7
15573	30057	8
15573	15606	10
15573	186932	10
15573	25890428	10
15573	31769	3
15573	59755	3
15573	1805340	3
15573	493793	3
15573	135976	3
15573	2700668	3
15573	37604	6
15573	34392	8
15573	248569	5
15573	30397912	5
15573	166289	3
15573	2330959	3
15573	3267529	2
15573	297220	5
15573	256420	3
15573	84695	3
15573	1537049	3
15573	6792846	7
15573	316307	5
15573	316358	5
15573	5553537	3
15573	9974600	5
15573	10126	3
15573	9380932	5
15573	10441306	5
15573	154723	3
15573	42758	3
15573	145429	3
15573	28288	6
15573	189399	3
15573	161968	3
15573	28943	3
15573	61759	3
15573	313320	3
15573	30153241	5
15573	201198	3
15573	84505	5
15573	2225573	3
15573	297001	3
15573	84506	3
15573	414461	3
15573	84509	3
15573	22680	3
15573	11966	3
15573	31182	3
15573	31183	3
15573	407826	3
15573	204548	3
15573	10191	5
15573	12528628	1
15573	1356718	3
15573	164945	3
15573	8185	3
15573	21473063	7
15573	1682811	3
15573	6365	3
15573	199742	3
15573	487846	2
15573	407971	3
15573	27751221	3
15573	364173	3
15573	183897	5
15573	69972	3
15573	44575	3
15573	193353	3
15573	59062	7
15573	11778948	5
15573	3433405	5
15573	2729996	5
15573	10110	3
15573	62699	5
15573	24833	7
15573	163847	7
15573	217778	7
15573	339032	7
15573	573784	7
15573	1515612	2
15573	2251732	7
15573	18322006	6
15573	599776	3
15573	2370744	6
15573	1413472	6
15573	2978818	6
15573	2386953	6
15573	62710	6
15573	21762061	7
15573	482088	7
15573	296875	7
15573	22131402	5
15573	3947188	8
15573	8458939	6
15573	725125	6
15573	10106	4
15573	31161	4
15573	1094776	6
15573	187622	6
15573	238353	7
15573	4748913	7
15573	872012	5
15573	13729	6
15573	30984	6
15573	16775	6
15573	3682191	4
15573	6241760	6
15573	1142230	6
15573	374039	6
15573	5934	6
15573	4336408	6
15573	26989	6
15573	21197	6
15573	1955371	6
15573	31157744	6
15573	2436097	5
15573	22620369	6
15573	191354	4
15573	40293	4
15573	2634793	7
15573	9040377	6
15573	49544	5
15573	1589701	4
15573	9074749	4
15573	478756	2
15573	1585497	2
15573	2658458	7
15573	4131940	7
15573	232859	7
15573	1015821	7
15573	5561014	7
15573	1013417	7
15573	390239	7
15573	2218890	7
15573	92516	7
15573	24071884	7
15573	24086463	7
15573	190972	7
15573	1527493	5
15573	12029940	6
15573	31214842	6
15573	500894	5
15573	229698	5
15573	413119	5
15573	47087	5
15573	716184	5
15573	8307411	4
15573	1197257	4
15573	903898	4
15573	1162876	4
15573	7612319	4
15573	10566496	4
15573	716657	4
15573	907614	3
15573	1530	3
15573	166271	3
15573	147739	7
15573	28272	7
15573	576575	5
15573	192314	4
15573	1659910	4
15573	531569	4
15573	2931851	8
15573	504128	6
15573	1234482	7
15573	17204	5
15573	584392	2
15573	501569	8
15573	22477	2
15573	71413	2
15573	80313	6
15573	52230	6
15573	61720	6
15573	6792879	6
15573	59056	6
15573	37652	6
15573	21663839	6
15573	6793101	6
15573	6792822	6
15573	329655	6
15573	29717248	8
15573	166215	6
15573	187911	6
15573	166286	7
15573	227244	7
15573	2769445	7
15573	275378	3
15573	52293	3
15573	43351	4
15573	494839	3
15573	216140	3
15573	494922	3
15573	647444	3
15573	147732	3
15573	16985	4
15573	449544	4
15573	508964	4
15573	491006	4
15573	147737	3
15573	201387	3
15573	344430	7
15573	769016	7
15573	14715409	3
15573	15976	4
15573	18985	5
15573	6231	4
15573	593	5
15573	800	5
15573	32629	5
15573	147778	5
15573	16610	5
15573	306474	3
15573	414082	3
15573	17080	5
15573	20595	3
15573	13804	3
15573	357896	3
15573	481231	3
15573	3442155	3
15573	2376620	3
15573	187688	3
15573	190438	3
15573	186538	3
15573	366900	3
15573	101631	3
15573	291698	3
15573	229198	3
15573	17741454	3
15573	51814	5
15573	557407	4
15573	15601	5
15573	16746	5
15573	17098	5
15573	147794	4
15573	66417	6
15573	220635	6
15573	26939714	4
15573	31709685	4
15573	52622	5
15573	705320	3
13270	14240	8
13270	13887	7
13270	20120688	7
13270	3434750	8
13270	23070	5
13270	19944779	8
13270	158383	8
13270	50862	8
13270	194717	7
13270	148987	7
13270	194714	7
13270	70959	7
13270	70962	7
13270	70961	7
13270	39688	7
13270	50788	3
13270	27412167	3
13270	341858	3
13270	267366	3
13270	1048332	5
13270	295459	6
13270	11776343	3
13270	30230118	5
13270	30230027	5
13270	18260175	5
13270	18261707	5
13270	30458550	5
13270	110474	5
13270	30229301	5
13270	704074	5
13270	20525562	5
13270	7609024	3
13270	23363583	7
13270	492332	4
13270	690640	4
13270	789709	8
13270	67156	4
13270	690646	4
13270	556706	5
13270	1755442	3
13270	195173	3
13270	2604186	3
13270	1063895	6
13270	1138116	7
13270	683295	7
13270	852303	7
13270	672878	7
13270	110577	7
13270	110467	7
13270	17800228	7
13270	110515	7
13270	110528	7
13270	110540	7
13270	110572	7
13270	110575	7
13270	110558	7
13270	186932	3
13270	503857	5
13270	466317	6
13270	604727	5
13270	309401	5
13270	56887	5
13270	724616	5
13270	977974	5
13270	1380859	3
13270	95787	3
13270	11771508	3
13270	3773536	4
13270	22389223	8
13270	30918130	8
13270	244159	7
13270	1324064	8
13270	95283	7
13270	287723	8
13270	405841	10
13270	570661	5
13270	612857	5
13270	31441772	6
13270	550608	5
13270	3655260	5
13270	469644	5
13270	188970	3
13270	194710	5
13270	22550605	5
13270	731043	5
13270	731005	5
13270	816360	5
13270	30864664	5
13270	348361	5
13270	741950	3
13270	2075980	8
13270	845833	8
13270	253068	8
13270	817505	8
13270	523245	8
13270	21239632	7
13270	798044	7
13270	798043	7
13270	859065	7
13270	859074	7
13270	530296	7
13270	859489	6
13270	534366	7
13270	17993666	10
13270	29709225	8
13270	747226	8
13270	2011495	8
13270	2011531	8
13270	21094382	7
13270	764236	5
13270	151835	7
13270	761578	7
13270	761768	7
13270	7477065	7
13270	632416	7
13270	883940	7
13270	29612313	7
13270	978118	7
13270	564836	7
13270	845033	6
13270	845097	6
13270	845360	6
13270	845118	6
13270	845156	6
13270	845086	6
13270	23247133	6
13270	3769622	6
13270	4333344	6
13270	4331751	6
13270	3769966	6
13270	4332630	6
13270	4332907	6
13270	4333006	6
13270	4333135	6
13270	39690	6
13270	8597800	6
13270	59649	10
13404	5042862	5
13404	74209	5
13404	26219690	8
13404	27658	5
13404	55079	8
13404	65372	7
13404	31407470	8
13404	422001	8
13404	1394381	8
13404	372983	3
13404	20739494	8
13404	8569916	6
13404	200290	6
13404	180697	10
13404	22793498	8
13404	198761	8
13404	340634	6
13404	1146443	8
13404	54972	3
13404	230930	5
13404	4721	3
13404	267239	7
13404	1160238	8
13404	2060858	7
13404	5405	5
13404	221841	7
13404	1398224	7
13404	8276991	7
13404	13408	7
13404	151962	8
13404	1243182	8
13404	395726	8
13404	273754	7
13404	3276860	7
13404	2167691	8
13404	2305259	6
13404	2310780	6
13404	15015065	7
13404	273756	8
13404	2179531	7
13404	984168	6
13404	2635143	6
13404	2635145	6
13404	2635160	6
13404	2635179	7
13404	2635183	7
13404	2286104	7
13404	151994	5
13404	20092732	6
13404	207371	8
13404	1262800	7
13404	28127847	7
13404	1092232	7
13404	13406	8
13404	267535	8
13404	268800	8
13404	21280666	7
13404	405585	6
13404	267450	8
13404	10770620	6
13404	378691	6
13404	152827	3
13404	12408607	5
13404	9935903	3
13404	2558355	7
13404	446049	5
13404	7391155	6
13404	8600137	6
13404	7391260	6
13404	4689264	3
13404	7391110	6
13404	20913343	6
13404	2099710	8
13404	30511729	4
13404	1644140	6
13404	1374165	6
13404	1374168	6
13404	268987	6
13404	268075	6
13404	4855055	6
13404	393272	8
13404	1123749	7
13404	37313	8
13404	27216426	5
13404	144936	8
13404	538995	3
13404	165990	3
13404	213413	3
13404	213362	3
13404	100385	3
13404	213471	3
13404	15571	3
13404	394536	3
13404	206375	3
13404	408055	8
13404	491554	8
13404	8914887	8
13404	358272	8
13404	351003	6
13404	16268866	6
13404	22425878	6
13404	5176214	8
13404	4474091	5
13404	77745	3
13404	2190194	7
13404	764593	7
13404	269024	7
13404	3357842	6
13404	1095099	7
13404	267940	6
13404	498491	6
13404	13411	8
13404	267008	6
13404	30863473	6
13404	314298	6
13404	393518	6
13404	1795339	6
13404	1449735	6
13404	439506	6
70983	309666	7
70983	4689264	3
70983	59051	3
70983	44940	7
70983	19502677	6
70983	70985	7
70983	399912	6
70983	607457	3
70983	14715937	5
70983	17363759	7
70983	55033	5
70983	6236577	7
70983	14587	3
70983	642180	6
70983	33613	0
70983	16719780	6
70983	1708450	7
70983	17628752	7
70983	2512200	6
70983	17628757	7
70983	17628804	7
70983	4301850	7
70983	2150513	3
70983	422593	3
70983	25290681	3
70983	231728	3
70983	60244	3
70983	142905	3
70983	322578	3
70983	30146738	3
70983	30069643	3
70983	1903166	3
70983	4270552	3
70983	26321847	3
70983	1491594	3
70983	2418699	3
70983	96652	3
70983	355989	3
70983	362289	3
70983	219862	3
70983	2542150	3
70983	10244353	8
70983	2641279	4
70983	23517038	3
70983	1266475	6
70983	2452148	7
70983	471772	6
70983	103307	7
70983	701670	6
70983	314855	3
70983	1195192	3
70983	16025171	6
6293	15960579	10
6293	8087628	7
6293	5268911	3
6293	706816	3
6293	18985949	3
6293	7245	3
6293	864667	8
6293	12835453	6
6293	2814371	7
6293	1898394	7
6293	13043195	6
6293	99419	6
6293	1209659	7
6293	1633082	7
6293	63698	3
6293	144514	7
6293	96603	7
6293	4499539	3
6293	7404926	3
6293	12835988	6
6293	21244	8
6293	22278	5
6293	498611	6
6293	609874	6
6293	1980417	6
6293	19894	3
6293	713628	8
6293	18400418	7
6293	10029907	6
6293	6889331	6
6293	5218802	6
6293	2748893	6
6293	20964567	6
6293	30860044	6
6293	12776294	6
6293	8202879	6
6293	2338740	6
6293	3449789	6
6293	4096472	6
6293	4487235	6
6293	4447640	6
6293	7604393	6
6293	8666362	6
6293	14616280	6
6293	6169457	6
6293	6981879	6
6293	14902504	6
6293	17339060	6
6293	8607051	6
6293	9408845	8
6293	589227	8
6293	3264074	7
6293	690415	7
6293	4726537	6
6293	1950607	6
6293	2372942	6
6293	3063154	6
6293	9092487	4
6293	1905080	4
6293	715265	4
6293	2101290	7
6293	2100784	7
6293	21111	5
6293	175431	5
6293	603083	5
6293	4774696	7
6293	8071281	3
6293	7952471	3
6293	7953837	3
6293	187781	7
6293	16620410	6
6293	8311301	8
6293	12674700	7
6293	23704	8
27318	20403	6
27318	3607937	3
27318	26301463	6
27318	1269044	7
27318	1545225	7
27318	8842957	5
27318	14699256	6
27318	304150	5
27318	28678	3
27318	28258	3
27318	2442306	8
27318	1890794	8
27318	5275459	8
27318	5975136	8
27318	2047799	8
27318	160914	3
27318	8316116	3
27318	28980611	3
27318	11973005	3
27318	2263491	5
27318	1106744	8
27318	5958087	8
27318	738892	3
27318	310699	3
27318	65064	3
27318	2443313	7
27318	286844	3
27318	1165902	8
27318	27322	8
27318	350660	8
27318	2962623	8
27318	410189	8
27318	864036	7
27318	439725	7
27318	15303116	3
27318	52321	3
27318	1794825	5
27318	7593080	6
27318	2628482	8
27318	6956184	8
27318	3278380	8
27318	21587325	8
27318	330146	8
27318	25287141	7
27318	25017437	7
27318	287786	8
27318	266229	8
27318	653106	8
27318	309220	8
27318	2224881	8
27318	1172751	7
27318	320211	8
27318	484254	3
27318	57011	8
27318	187222	8
27318	648277	3
27318	7925814	7
27318	14102526	8
27318	1227498	8
27318	27327	8
27318	18952243	7
27318	105963	7
27318	1060320	7
27318	1500026	7
27318	897352	7
27318	1021882	7
27318	577762	7
27318	1154806	7
27318	9480211	7
27318	23227415	7
27318	1019567	7
27318	1610199	7
27318	2504360	8
27318	2288568	7
27318	27781831	7
27318	27321	8
27318	10122005	8
27318	922794	10
27318	1795013	7
27318	286880	6
27318	82305	6
27318	860940	6
27318	2596042	6
27318	3384002	6
27318	2205844	6
27318	1471637	6
27318	990501	6
27318	2062660	6
27318	27362139	6
27318	4311503	8
27318	12821413	8
27318	126630	3
27318	21042139	7
27318	14509266	8
27318	18976184	8
27318	10136064	7
27318	1269032	7
27318	10136165	8
27318	161247	3
27318	30820349	8
27318	987314	8
27318	6806516	8
27318	3146395	8
27318	928622	6
27318	17247244	6
27318	11132569	6
27318	627979	6
27318	5203031	6
27318	411020	6
27318	3688143	8
27318	1436953	7
27318	10399920	8
27318	5264608	6
27318	23965069	6
27318	9305401	5
27318	15147	6
27318	13765908	6
27318	2574990	8
27318	1144302	8
27318	1821850	8
27318	2224716	8
27318	1545507	7
27318	1622036	7
27318	4344551	6
27318	3730382	5
27318	3761756	6
27318	29504627	8
27318	27325	8
27318	1229942	8
27318	1499768	7
27318	1499547	3
27318	993293	6
27318	382967	3
27318	161591	6
27318	416499	6
27318	16914039	6
27318	1971386	8
187994	773215	10
187994	15822958	3
187994	1414613	8
187994	25781388	3
187994	20234254	8
187994	210868	6
187994	314078	8
187994	18944028	3
187994	28314	3
187994	13097	3
187994	12430	3
187994	438022	3
187994	13392949	3
187994	421853	3
187994	32629	5
187994	25475	6
187994	11091078	3
187994	3092	5
187994	419434	7
187994	6082904	7
187994	12572350	7
187994	15802488	7
187994	2076856	8
187994	7055326	8
187994	9580653	8
187994	9580733	8
187994	10550623	8
187994	760230	8
187994	13811	3
187994	8439817	7
187994	452428	8
187994	4092	3
187994	452264	7
187994	21197	3
187994	705072	8
187994	984290	8
187994	760191	8
187994	1580726	8
187994	30145775	8
187994	8398161	8
187994	156210	3
187994	442223	3
187994	19644137	3
187994	9878303	6
187994	15978056	6
187994	5754516	6
187994	52714	3
187994	17159681	8
187994	10701029	6
187994	2107838	6
187994	16851029	6
187994	171431	3
187994	419692	8
187994	5067771	8
187994	637368	3
187994	215107	3
187994	4987719	3
187994	1389115	3
187994	440178	3
187994	3951652	3
187994	3386539	3
187994	421533	6
187994	1960423	6
187994	19775174	8
187994	5077504	8
187994	19775176	6
187994	100796	3
32629	30392485	6
32629	51462	3
32629	33543740	3
32629	359339	6
32629	2779	7
32629	18944028	7
32629	7487	7
32629	1952154	9
32629	1549474	7
32629	1654192	3
32629	13392949	8
32629	53525	8
32629	4139684	5
32629	17416342	7
32629	7514833	7
32629	24951	7
32629	421853	7
32629	32401	8
32629	3921614	8
32629	24947	3
32629	16663163	7
32629	292874	3
32629	77262	7
32629	3442219	8
32629	144913	3
32629	547155	7
32629	74337	6
32629	13081738	5
32629	516962	8
32629	7306	7
32629	73883	5
32629	104168	7
32629	437385	8
32629	22447078	7
32629	28314	7
32629	6218094	7
32629	29028	7
32629	31268	7
32629	22011	7
32629	485939	8
32629	2782	7
32629	36168	7
32629	28222625	3
32629	21197	3
32629	153399	5
32629	626692	3
32629	22697824	3
32629	1144991	3
32629	29035	7
32629	21849	7
32629	7000684	7
32629	11445817	5
32629	490610	8
32629	11014498	2
32629	18959902	2
32629	29036	7
32629	1547968	2
32629	15822958	7
32629	11762000	8
32629	11015826	2
32629	11065091	2
32629	881586	7
32629	5077457	3
32629	1042713	2
32629	5096985	7
32629	2622904	7
32629	13097	7
32629	2639573	7
32629	4651786	2
32629	438022	7
32629	896356	2
32629	1288382	3
32629	10891	2
32629	570893	4
32629	3252498	3
32629	170537	3
32629	22096153	7
32629	4423254	7
32629	26800646	7
32629	12236301	3
32629	13701688	3
32629	9809619	7
32629	11985100	7
32629	565944	8
32629	349734	8
32629	9208192	8
32629	1995638	8
32629	22839002	8
11091078	8664	0
11091078	18985	3
11091078	3092	8
11091078	326388	3
11091078	854662	3
11091078	916560	3
11091078	232367	3
11091078	572605	10
11091078	267954	10
11091078	1756405	3
11091078	5250029	3
11091078	1199641	3
11091078	3083992	7
11091078	4731896	8
11091078	170318	3
11091078	21156976	7
11091078	1001666	8
11091078	289641	7
11091078	247533	7
11091078	244543	7
11091078	241909	7
11091078	11762020	7
11091078	9721541	7
11091078	9721607	7
11091078	9721634	8
11091078	9721673	8
11091078	1068888	7
11091078	1767648	7
11091078	1410384	7
11091078	4084504	7
11091078	2138941	7
11091078	1315063	7
11091078	1767696	7
11091078	25632837	7
11091078	1767747	7
11091078	15435408	7
11091078	30859078	7
11091078	1062898	7
11091078	1955275	7
11091078	251903	8
11091078	13217320	7
11091078	12823514	7
11091078	265317	7
11091078	461425	3
11091078	144936	3
11091078	240073	7
11091078	949894	3
11091078	6358157	8
11091078	9721252	7
11091078	9721402	7
11091078	4276011	7
11091078	18399439	7
11091078	13314431	7
11091078	576255	8
11091078	6692120	7
11091078	1435136	7
11091078	1665292	7
11091078	31050585	7
11091078	14695769	7
11091078	10239473	7
11091078	17752414	7
11091078	5974741	7
11091078	5979055	7
11091078	5960250	7
11091078	4201066	7
11091078	232190	3
11091078	360759	3
11091078	261294	7
11091078	18193979	7
11091078	274101	7
13673345	33555	7
13673345	145095	10
13673345	4582654	6
13673345	3220349	9
13673345	18580879	5
13673345	10597	0
13673345	11887	0
13673345	32410	10
13673345	27658424	3
13673345	426955	7
13673345	362070	6
13673345	37161	6
13673345	49209	5
13673345	10048	3
13673345	3383	1
13673345	4146	8
13673345	63679	8
13673345	25715	2
13673345	360781	6
13673345	27709	4
13673345	188545	7
13673345	47512	2
13673345	53746	5
13673345	851704	7
13673345	26035	2
13673345	14148568	5
13673345	3434750	5
13673345	57817	0
13673345	1882164	5
13673345	89480	3
13673345	14796	3
13673345	28105546	4
13673345	12376839	3
13673345	30984	8
13673345	10854	10
13673345	5906	4
3850	6027141	10
3850	25778403	8
3850	988407	8
3850	2006856	8
3850	3434750	8
3850	30680	1
3850	38776	8
3850	847772	9
3850	351305	9
3850	436699	9
3850	14148	9
3850	10568	0
3850	29773	5
3850	19568112	5
3850	3921	5
3850	482954	9
3850	1742190	5
3850	228100	5
3850	9778900	8
3850	21809	1
3850	34069	0
3850	23489161	9
3850	516846	9
3850	242813	9
3850	14790	5
3850	18951490	5
3850	5042481	7
3850	54395	9
3850	967743	9
3850	1877416	9
3850	799410	3
3850	4173	8
3850	21796606	5
3850	496677	7
3850	13619874	9
3850	994080	9
19725260	16718322	5
19725260	167241	7
19725260	153981	7
19725260	2697596	5
19725260	428966	6
19725260	25509339	0
19725260	2800690	8
19725260	2758099	2
19725260	540943	3
19725260	17727	3
19725260	53132	7
19725260	18949668	7
19725260	325470	7
19725260	9251	7
19725260	21296224	7
19725260	18957	7
19725260	1118651	7
19725260	26781	7
19725260	2681197	8
19725260	26035052	1
19725260	290237	1
19725260	30758	2
19725260	37857	0
19725260	8224177	5
19725260	38091	6
19725260	38078	6
19725260	4932663	6
19725260	627315	6
19725260	263329	6
19725260	2154853	6
19725260	18973446	3
19725260	18839	2
19725260	50650	1
19725260	173351	9
19725260	364319	8
19725260	2077393	2
29831	30322	7
29831	113604	9
29831	261993	4
29831	147952	5
29831	18938049	5
29831	11887	0
29831	609152	6
29831	7883073	0
29831	645042	1
29831	576068	0
29831	167689	3
29831	27977	6
29831	3079	6
29831	276598	2
29831	950359	7
29831	668894	4
29831	303043	8
29831	11370	3
29831	5994468	10
29831	2861	7
29831	594805	10
29831	18571	1
29831	87075	4
29831	61625	1
29831	3214	4
29831	1196	1
29831	628485	9
29831	5921	3
29831	450703	7
29831	16315657	9
29831	8707643	3
29831	6014	8
29831	374631	1
29831	21504235	7
29831	21555729	5
29831	15928	8
29831	29840	10
27019	16756	10
27019	247273	9
27019	21255	8
27019	19159283	10
27019	2865534	10
27019	31757870	9
27019	888903	9
27019	203912	9
27019	4389689	10
27019	48605	10
27019	27020	10
27019	325329	8
27019	3434750	8
27019	26779	7
27019	689	7
27019	82757	10
27019	52622	10
27019	27028	10
27019	16772	10
27019	154099	7
27019	22321579	10
27019	2284275	10
27019	7212686	10
27019	2052682	10
27019	2650990	10
27019	3054918	10
27019	462221	7
27019	3568294	10
27019	2278868	10
27019	68115	10
27019	2305953	8
27019	7927698	8
27019	297293	10
27019	323135	10
27019	68074	10
27019	323128	10
27019	284812	10
27019	323111	10
27019	323103	10
27019	314842	10
27019	323091	10
27019	323080	10
27019	322655	10
27019	322666	10
27019	314848	10
27019	319775	10
27019	27021	10
27019	50820	7
27019	59122	7
27019	181381	7
27019	1183827	10
27019	3850357	10
27019	5229786	10
27019	27024	10
27019	656589	9
27019	24228517	10
27019	11128886	10
27019	9459471	10
27019	31596458	10
27019	1916449	10
27019	1495964	10
27019	27022	10
27019	23747240	10
27019	324109	10
27019	17581269	10
27019	313405	10
27019	178952	9
27019	842957	7
27019	2292375	10
27019	30374	10
27019	454253	9
21255	19605700	7
21255	247273	9
21255	47948	10
21255	328874	8
21255	27019	7
21255	49559	10
21255	182595	10
21255	19718837	10
21255	154099	10
21255	26779	7
21255	16756	10
21255	10617096	10
21255	392436	10
21255	298883	10
21255	21257	10
21255	50820	7
21255	59122	7
21255	8898174	10
21255	188744	10
21255	10920354	10
21255	1236071	10
21255	1565499	10
21255	21264	10
21255	18321465	9
21255	16772	9
21255	12317473	8
21255	106424	10
21255	21263	10
21255	21260	10
21255	5401780	10
21255	4894490	10
21255	921442	10
21255	21258	10
21255	21913441	10
21255	10913840	10
21255	14451	7
21255	16181821	10
21255	4563738	10
21255	892193	10
21255	21495845	10
21255	325329	8
19261	33800	7
19261	19006	7
19261	18618102	8
19261	137721	10
19261	10597	7
19261	5649	10
19261	1997450	10
19261	658776	10
19261	3249506	10
19261	14176537	10
19261	658766	10
19261	21388684	10
19261	2830241	10
19261	13667867	10
19261	5496681	10
19261	5496826	10
19261	1686549	10
19261	656262	10
19261	19262	10
19261	9951797	10
19261	10854	9
19261	5796	6
19261	19263	10
19261	10946	10
19261	1401596	7
19261	159018	8
19261	227411	8
19261	5333211	10
19261	19264	10
19261	11296709	10
19261	19269	10
19261	19268	10
19261	15090416	7
19261	71807	10
19261	11227134	10
19261	21909821	10
19261	151441	10
19261	990038	10
19261	4821542	10
19261	18741508	10
19261	3355883	10
4913064	525000	8
4913064	23070	7
4913064	62046	10
4913064	62049	10
4913064	17371877	10
4913064	33804	10
4913064	18660332	10
4913064	21670	10
4913064	13851594	10
4913064	509080	10
4913064	26988991	7
4913064	262679	7
4913064	161585	10
4913064	1273154	7
4913064	10023281	10
4913064	15630	7
4913064	39938	10
4913064	350969	8
4913064	2771934	10
4913064	162883	10
4913064	21355	10
4913064	106321	10
4913064	6500183	10
4913064	1297504	10
4913064	21360	10
4913064	5252523	10
4913064	3674789	10
4913064	2262276	10
4913064	58858	10
4913064	243907	10
4913064	21359	10
4913064	21353	10
4913064	228274	6
4913064	414113	6
4913064	20611385	7
4913064	1752449	10
4913064	17362	10
4913064	89074	10
4913064	4628359	10
4913064	21356	10
4913064	456674	10
4913064	558365	10
4913064	5910261	8
4913064	21354	10
4913064	162852	10
4913064	15678352	10
4913064	180481	10
4913064	72147	10
4913064	18548006	10
4913064	1768579	10
4913064	352591	10
4913064	20838866	10
4913064	25675557	6
4913064	146018	8
4913064	132647	10
4913064	47425	7
4269567	185901	4
4269567	6736	9
4269567	304917	2
4269567	491819	7
4269567	33566396	3
4269567	26998504	8
4269567	1292309	4
4269567	25014084	1
4269567	142586	5
4269567	30066416	7
4269567	21714	1
4269567	23310	1
4269567	39736	3
4269567	487336	2
4269567	771553	6
4269567	49039	4
4269567	392309	2
4269567	84627	6
4269567	13774	1
4269567	361299	8
4269567	753306	6
4269567	79280	8
4269567	413475	6
4269567	273940	8
4269567	1137915	8
4269567	5166531	3
4269567	482629	2
4269567	56555	1
4269567	25126	0
4269567	6162863	2
4269567	2032634	3
4269567	38791	5
4269567	187724	1
4269567	22023275	3
4269567	514203	8
4269567	21022536	8
4269567	4099	3
4269567	29228	8
3778	23336	7
3778	2727018	7
3778	23916629	6
3778	5172349	6
3778	21001	9
3778	22112840	5
3778	41298	6
3778	256046	8
3778	18963870	8
3778	673731	2
3778	2983349	8
3778	21857	6
3778	18949461	6
3778	3218952	3
3778	17727	9
3778	490989	8
3778	7931	7
3778	4491358	6
3778	556400	2
3778	512904	7
3778	40696	3
3778	25498363	5
3778	25498357	6
3778	1609989	7
3778	25507	0
3778	214974	1
3778	223318	2
3778	504379	1
3778	286338	2
3778	11005392	5
3778	7603861	3
3778	7378682	2
3778	238674	8
3778	154754	8
3778	18327	5
3778	153417	3
3778	11014498	3
3778	5309	2
3778	18328	6
3778	190871	6
3778	22209478	5
3778	207441	1
3778	183403	6
3778	166021	8
3778	424984	4
202354	32511	10
202354	903097	10
202354	32611	10
202354	80356	10
202354	4772073	10
202354	52053	8
202354	240730	8
202354	32966829	10
202354	1201016	10
202354	10469491	10
202354	23550176	10
202354	59756	10
202354	66735	10
202354	1135721	8
202354	23006128	10
202354	32381	10
202354	32380	10
202354	16868171	10
202354	466686	10
202354	495750	10
202354	439887	9
202354	1589477	7
202354	5112990	10
202354	32384	10
202354	66890	10
202354	2260228	10
202354	30874339	10
202354	407616	10
202354	14263655	10
202354	32378	10
202354	7482751	8
202354	17934374	10
202354	3973	8
202354	16518244	10
202354	3786034	10
202354	91231	6
202354	10597	6
202354	32379	10
202354	4253551	10
202354	1003714	10
202354	1907335	10
202354	9934311	8
202354	332438	10
202354	10865932	10
202354	22229132	10
202354	10881218	10
202354	1283901	8
202354	12453941	10
202354	12417375	10
202354	3215384	10
202354	56667	9
202354	66956	9
202354	17649951	8
202354	13729	8
202354	1983217	7
202354	3434750	8
23070	18842359	8
23070	18951556	5
23070	698	5
23070	14580	5
23070	20611428	5
23070	19036	6
23070	569130	7
23070	471403	5
23070	309666	5
23070	181381	5
23070	246324	5
23070	59122	5
23070	74209	5
23070	253897	5
23070	66979	5
23070	50820	5
23070	8282374	4
23070	3092190	4
23070	14230	4
23070	31161	3
23070	3809930	6
23070	952514	6
23070	2222952	6
23070	2015	6
23070	195468	8
23070	20611385	9
23070	19231	9
23070	83393	9
23070	2127046	5
23070	22621	7
23070	350969	6
23070	1827851	5
23070	234176	3
23070	342641	8
23070	318580	6
22576	77745	7
22576	53900	8
22576	15147	9
22576	20989	8
22576	18591996	3
22576	13815	6
22576	332902	10
22576	82813	5
22576	521555	6
22576	1386629	4
22576	249314	5
22576	4913064	1
22576	21296014	7
22576	2087922	7
22576	238561	0
22576	3850	7
22576	10893	7
22576	11152	7
22576	911523	10
22576	394085	10
22576	4696	1
22576	17416221	1
22576	658161	9
22576	11049	5
22576	14294490	9
22576	27179008	3
22576	5843419	2
22576	308634	10
22576	23340	3
22576	51611	1
22576	18603746	7
22576	2044570	1
22576	74217	9
22576	526488	10
22576	526647	10
22576	12108	8
18959138	20611127	10
18959138	88243	8
18959138	14946	7
18959138	1291	10
18959138	51314	10
18959138	4285595	10
18959138	15630	6
18959138	157427	6
18959138	18426568	5
18959138	31927	5
18959138	20518076	5
18959138	161704	8
18959138	384817	8
18959138	1274	8
18959138	20611428	9
18959138	343246	8
18959138	1157839	10
18959138	1363431	10
18959138	4552788	10
18959138	31078226	10
18959138	6508669	10
18959138	179863	10
18959138	2639407	7
18959138	163389	7
18959138	146230	7
18959138	2970	7
18959138	18949350	10
18959138	579976	10
18959138	23878	8
18959138	3423145	6
18959138	21446201	6
18959138	223205	7
18959138	29940008	7
18959138	761801	7
18959138	490714	7
18959138	232162	7
18959138	285435	7
18959138	1464440	10
18959138	32335	5
18959138	17146257	10
18959138	1276	10
18959138	1279	10
18959138	23903196	10
18959138	9127632	3
18959138	12207	3
18959138	44044	3
18959138	22939	3
18959138	50650	3
18959138	231504	3
18959138	6531088	3
18959138	22834	5
18959138	22524	8
18959138	44183	5
5363	45249	8
5363	18457137	8
5363	450703	8
5363	23366955	7
5363	16229	10
5363	13615	7
5363	488401	6
5363	38284	5
5363	7514833	10
5363	6464	5
5363	20420	7
5363	18567210	8
5363	3434750	5
5363	26989	7
5363	5843419	5
5363	15573	6
5363	186388	5
5363	2089729	5
5363	17961674	5
5363	1456744	5
5363	7056	7
5363	30339	10
5363	74255	10
5363	14539	6
5363	311632	10
5363	12799	8
5363	24951	10
5363	421853	10
5363	18944028	10
5363	81121	10
31717	21809109	10
31717	13530298	10
31717	21265	8
31717	5702	8
31717	9316	8
31717	26994	8
31717	69894	8
31717	26988991	8
31717	17867	10
31717	8569916	10
31717	19097669	7
31717	30454440	10
31717	31723	10
31717	158019	8
31717	407950	8
31717	23248387	8
31717	14914	10
31717	26340358	3
31717	58568	5
31717	858340	7
31717	9317	5
31717	31726	10
31717	47063	10
31717	23987465	10
31717	13964	10
31717	7543836	10
31717	31731	10
31717	77750	10
31717	31724	10
31717	84358	10
31717	10873803	10
31717	30409677	10
31717	13882056	8
31717	68736	8
31717	18081	8
31717	31725	10
31717	20095993	10
31717	9974	7
31717	330788	10
31717	1135593	10
31717	5211	5
31717	25814008	5
31717	31727	5
31717	435509	7
31717	197867	8
31717	22131	7
31717	2053440	6
31717	339549	10
31717	25978572	8
31717	31797	8
31717	11693077	10
31717	31729	10
31717	13595	8
31717	1220817	10
31717	10568	7
31717	25402	7
31717	25675557	7
31717	29773	5
31717	19568112	5
31717	1053423	9
31717	2176142	7
31717	579840	9
31717	580873	9
31717	1533669	9
31717	596716	9
31717	275009	10
31717	10793	10
31717	296550	8
31717	32897	8
31717	2387806	10
31717	16027	8
31717	19764425	10
31717	182410	10
31717	19344654	8
31717	12840543	10
31717	240706	10
31717	29812	9
31717	10049	9
31717	31056	8
31717	17909	8
31717	42010	7
31717	161515	7
31717	28480	7
31717	1814	9
31717	16143	8
31717	28989696	7
31717	11319	7
31717	30034	7
31717	99315	7
31717	1230235	10
31717	304258	10
23871	14708	7
23871	32047724	9
23871	3735620	10
23871	169734	6
23871	333438	8
23871	767286	0
23871	5042862	2
23871	12108	3
23871	8752553	2
23871	13404	2
23871	3434750	3
23871	371830	10
23871	443480	10
23871	2345538	5
23871	738097	8
23871	11042	6
23871	33306	8
23871	23634	6
23871	14299	8
23871	78056	8
23871	170920	6
23871	19196010	7
23871	2939242	8
23871	30916	10
23871	426522	10
23871	50861	3
23871	23501	7
23871	1330188	10
23871	452851	8
23871	24768	9
23871	52501	8
10974	52752	10
10974	268067	8
10974	210868	10
10974	5363	7
10974	47680	5
10974	25781388	7
10974	5711084	10
10974	57677	8
10974	2195100	10
10974	52753	7
10974	66495	7
10974	52754	7
10974	52767	7
10974	52755	7
10974	52756	8
10974	52757	8
10974	52758	7
10974	52759	8
10974	419271	7
10974	884570	8
10974	1636825	7
10974	171431	8
10974	22258580	9
10974	6270231	9
10974	18944028	5
10974	28314	5
10974	13392949	5
10974	304305	5
10974	10175073	5
10974	95673	5
10974	398631	7
10974	52763	7
10974	52764	7
10974	52720	7
10974	25142732	6
10974	1609560	10
10974	8302621	9
10974	337599	6
10974	13734966	10
10974	1136192	5
10974	391547	7
10974	28181711	7
10974	113745	7
10974	377194	9
10974	430549	6
10974	892783	6
10974	28047278	7
10974	1610640	6
10974	11242	6
10974	11172139	8
10974	6015	7
18839	752	9
18839	26227	10
18839	224515	9
18839	13677	3
18839	2154	3
18839	25412	10
18839	3352	10
18839	62808	10
18839	14539	4
18839	3524766	6
18839	19673	9
18839	172121	10
18839	6668778	10
18839	9262	9
18839	68272	10
18839	4147	4
18839	22706	10
18839	41415	8
18839	11887	3
18839	7885	9
18839	23034	10
18839	14708	3
18839	5247	10
18839	29831	7
18839	15368428	7
18839	30946368	2
18839	7878457	5
18839	186266	9
18839	19641	6
18839	29174	3
18839	26795	10
18839	6429	9
18839	11014498	9
18839	26168	10
23745	810810	7
23745	455243	10
23745	467668	8
23745	11979	6
23745	25781388	7
23745	5265811	7
23745	470850	9
23745	326719	10
23745	431322	8
23745	404487	8
23745	19413932	10
23745	5775179	8
23745	417121	7
23745	31664669	8
23745	639842	9
23745	490832	7
23745	348597	7
23745	230325	7
23745	431282	7
23745	1243822	7
23745	17369566	7
23745	5463663	7
23745	19402741	7
23745	269816	10
23745	558561	7
23745	146563	5
23745	12879609	8
23745	391517	6
23745	4269246	10
23745	253673	4
23745	627581	8
23745	2329774	5
23745	2592336	10
23745	18543171	10
23745	23840	10
23745	1240174	8
23745	21197	7
23745	5363	6
27931	21745	8
27931	1024143	5
27931	870724	7
27931	56085	6
27931	18985	7
27931	20572	5
27931	290200	5
27931	5363	5
27931	28911	7
27931	967678	6
27931	1290958	6
27931	1446781	6
27931	12244329	10
27931	29328818	9
27931	1524458	8
27931	26903	6
27931	1841271	7
27931	18164351	7
27931	30875803	10
27931	359195	9
27931	23577549	9
27931	39803	10
27931	227062	9
27931	23573419	9
27931	143875	9
27931	23534003	7
27931	257231	7
27931	586257	7
27931	491717	7
27931	257240	7
27931	17219633	10
27931	673326	6
27931	3697600	10
27931	12244585	9
27931	1020549	7
27931	519142	7
27931	18098194	7
27931	292755	5
27931	1030833	7
27931	18166931	8
81361	79982	7
81361	21197	9
81361	5249586	10
81361	81435	10
81361	21089378	10
81361	100061	6
81361	19680	7
81361	88560	7
81361	153434	7
81361	148757	10
81361	81345	9
81361	73883	9
81361	939380	10
81361	28410630	10
81361	947219	7
81361	19753667	7
81361	81111	7
81361	1577869	9
81361	705327	7
81361	1727565	7
81361	88522	7
81361	88528	7
81361	1066808	7
81361	1225437	7
81361	1923099	7
81361	27801	7
81361	29443052	7
81361	4215560	7
81361	47785	7
81361	1372490	7
81361	2384933	7
81361	12205924	7
81361	210860	5
81361	83554	7
81361	81432	8
81361	81114	7
81361	1658108	5
11749910	10646	8
11749910	19714	9
11749910	4824	5
11749910	19167553	6
11749910	51469	7
11749910	18643	4
11749910	172474	5
11749910	197236	3
11749910	766765	8
11749910	559297	2
11749910	429487	2
11749910	26825	2
11749910	605562	2
11749910	5282	2
11749910	14708	3
11749910	18994022	2
11749910	23416994	1
11749910	18836	3
11749910	681182	1
11749910	1146	2
11749910	32927	0
11749910	210560	8
11749910	851635	8
11749910	584769	3
11749910	6936	8
11749910	213202	6
11749910	14294974	6
11749910	2830206	5
11749910	926863	8
11749910	3705463	5
11749910	930910	8
11749910	61953	3
11749910	1046292	3
11749910	1544243	1
11749910	25543060	9
11749910	277892	8
11749910	26051975	6
11749910	29199520	7
11749910	981	4
3973	289466	10
3973	46779	9
3973	195144	10
3973	195134	10
3973	5931	10
3973	22989	4
3973	99627	4
3973	1661634	9
3973	276592	10
3973	4529019	10
3973	428558	10
3973	18110	4
3973	314392	1
3973	34668	1
3973	13673345	7
3973	5042862	4
3973	1312393	10
3973	6502679	9
3973	25433458	6
3973	21563560	10
3973	149920	6
3973	9431326	5
3973	910784	10
3973	2562401	9
3973	39112	10
3973	289540	10
3973	65037	8
3973	6902690	3
3973	1839870	2
3973	1917876	10
3973	30619	10
7056	18845	2
7056	5213	7
7056	24598	10
7056	8398	3
7056	16318962	6
7056	2104830	5
7056	12617	9
7056	481262	4
7056	1178488	3
7056	31106	8
7056	18457137	7
7056	18290	3
7056	235757	4
7056	26980	4
7056	2056746	3
7056	780296	8
7056	1011688	2
7056	24236	3
7056	19174720	3
7056	24802513	2
7056	1228894	5
7056	11103231	3
7056	13394087	8
7056	32073	6
7056	21492980	5
7056	139242	6
7056	428633	8
7056	428644	8
7056	7450	3
7056	947178	4
7056	18842281	6
7056	21347364	5
7056	1352971	7
7056	18622259	6
7056	495263	2
7056	3747	4
19644137	317931	9
19644137	22046010	10
19644137	14539	8
19644137	3742	8
19644137	197865	9
19644137	19839738	10
19644137	307315	9
19644137	2478598	9
19644137	21242	9
19644137	19673	8
19644137	9203623	9
19644137	32073	7
19644137	7142	10
19644137	21255	7
19644137	5018139	9
19644137	18998750	7
19644137	188213	7
19644137	14827831	10
19644137	43339	8
19644137	468436	8
19644137	32237	10
19644137	8841385	8
19644137	26902581	9
19644137	287866	10
19644137	374039	10
19644137	32441	7
19644137	716625	7
19644137	32410	2
19644137	789395	9
19644137	1201385	10
19644137	69170	10
19644137	2425285	10
19644137	483463	10
26748	318209	10
26748	23152865	8
26748	30081608	8
26748	25529	6
26748	7351032	10
26748	27461	10
26748	6754871	9
26748	1120468	9
26748	1120471	10
26748	27464	10
26748	218299	8
26748	180752	10
26748	25924	8
26748	9317	7
26748	31769	8
26748	15147	8
26748	27462	10
26748	55205	8
26748	9209255	9
26748	238882	9
26748	2251662	10
26748	275519	10
26748	23958205	8
26748	55210	7
26748	55204	7
26748	28191	6
26748	27465	10
26748	303890	10
26748	18892406	10
26748	160227	7
26748	28025234	8
26748	842695	8
26748	11749910	7
26748	1831309	10
26748	17825360	10
26748	322808	10
26748	314803	7
26748	427614	7
26748	26421916	7
26748	27467	10
26748	10878364	10
26748	27681815	7
26748	8498156	10
26748	606848	5
26748	22370	5
26748	23641	5
26748	10651280	9
26748	380351	9
26748	371876	9
26748	1199592	7
26748	851627	7
26748	2068074	7
26748	19764372	8
26748	1313101	10
26748	313833	10
26748	33873	8
6690	27061	9
6690	266339	8
6690	105770	10
6690	3434750	7
6690	228744	5
6690	15147	6
6690	26994	5
6690	5150342	9
6690	6868	8
6690	2235058	7
6690	22576	6
6690	1691345	10
6690	402681	6
6690	9698550	10
6690	10059202	1
6690	7515928	3
6690	15573	3
6690	52888	2
6690	762863	10
6690	367453	9
6690	11250	2
6690	14907122	0
6690	20656228	5
6690	180557	6
6690	4757305	7
6690	7701	8
6690	53292	7
6690	1735247	6
6690	12101522	10
6690	2246073	0
6690	30871134	9
6690	5623339	9
23627	10263	4
23627	1660577	10
23627	148363	2
23627	5843419	2
23627	9367138	8
23627	1583085	3
23627	5785	7
23627	310240	9
23627	89516	9
23627	5556196	6
23627	319692	9
23627	62353	2
23627	2349113	4
23627	4173700	3
23627	1165624	6
23627	5716959	1
23627	45346	3
23627	14471737	7
23627	147575	1
23627	146702	8
23627	1492776	3
23627	68041	4
23627	1297380	8
23627	21819561	3
23627	1510277	5
23627	37297	5
23627	649	3
23627	26131	7
23627	846426	6
23627	27299591	8
23627	361758	3
23627	33558787	4
23627	147767	4
23627	354767	2
23627	23454335	7
23627	22292141	9
23627	20171	8
23627	38079	7
23627	11966	8
13855	13279	8
13855	30861	10
13855	17473417	6
13855	4944959	7
13855	30067	8
13855	67500	9
13855	21208368	9
13855	44017	8
13855	23269362	6
13855	1127111	7
13855	772405	9
13855	58688	8
13855	154774	7
13855	14560	3
13855	23041	3
13855	1209545	1
13855	3788	1
13855	8539	8
13855	638039	3
13855	1348524	9
13855	144834	8
13855	1068172	5
13855	21555752	6
13855	247083	8
13855	7709600	8
13855	80875	5
13855	18978811	3
13855	8691	8
13855	933057	7
13855	23469023	9
7089	26769	6
7089	25501403	9
7089	3966054	5
7089	1151781	5
7089	1217251	7
7089	12253305	6
7089	27712	5
7089	575594	7
7089	31128	3
7089	4269567	1
7089	56558	2
7089	23193	1
7089	17238567	3
7089	5665	2
7089	72821	1
7089	30297	2
7089	245067	2
7089	291767	3
7089	496894	2
7089	6073980	2
7089	3874132	3
7089	289963	2
7089	11632	1
7089	3277	3
7089	264746	5
7089	7340434	2
7089	5538293	6
7089	20501512	5
7089	27585	0
7089	685457	3
7089	404226	3
7089	27154	3
7089	182462	10
7089	6237	4
7089	614586	4
7089	468870	7
7089	1693085	7
7089	21230890	8
17416221	45592	7
17416221	6653	10
17416221	25002	7
17416221	44552	7
17416221	19316942	10
17416221	152256	5
17416221	4124	7
17416221	19997782	10
17416221	14348	7
17416221	19554533	7
17416221	99645	8
17416221	27992	8
17416221	42737	8
17416221	261460	5
17416221	27371	10
17416221	1536221	10
17416221	4752175	10
17416221	342577	10
17416221	27376	8
17416221	1161869	10
17416221	1356456	10
17416221	31769	7
17416221	53215	10
17416221	65639	10
17416221	44683	9
17416221	306918	8
17416221	27372	10
17416221	3122613	8
17416221	65643	10
17416221	1125602	10
17416221	364917	10
17416221	387578	7
17416221	13673068	8
17416221	1210028	8
17416221	2162	7
17416221	65142	7
17416221	5069516	9
17416221	6551455	10
3434750	18618239	8
3434750	368660	10
3434750	624	7
3434750	25391	7
3434750	13270	7
3434750	645042	10
3434750	8569916	10
3434750	32022	10
3434750	771	7
3434750	325329	8
3434750	18717338	10
3434750	32019	10
3434750	14831788	10
3434750	15151453	10
3434750	85023	5
3434750	19579	5
3434750	19591	6
3434750	12010	7
3434750	207247	5
3434750	63876	5
3434750	8210131	3
3434750	1045318	4
3434750	11968	7
3434750	331170	5
3434750	23668708	6
3434750	29922	5
3434750	863	6
3434750	32611	7
3434750	39135	9
3434750	5058690	8
3434750	5043324	8
3434750	11955	10
3434750	25473	7
3434750	286369	7
3434750	5119376	7
3434750	11395198	7
3434750	30635	5
3434750	29490	6
3434750	31605	7
3434750	32087	8
3434750	20518076	8
3434750	17349325	8
3434750	32090	8
3434750	21560	8
3434750	6690	10
3434750	2480627	10
3434750	7830264	8
3434750	199804	8
3434750	532813	8
3434750	29778	7
3434750	852	7
3434750	13371	7
3434750	736	9
3434750	84237	8
3434750	14539	9
3434750	32024	8
3434750	43950	8
3434750	19460383	8
3434750	2495537	6
3434750	2154	4
3434750	148898	3
3434750	1007667	6
3434750	19946514	8
3434750	6886	8
3434750	19944876	8
3434750	49121	8
3434750	50585	8
3434750	21073772	8
3434750	21912865	8
3434750	20863320	8
3434750	53446	8
3434750	11854761	6
3434750	25814008	6
3434750	123427	8
3434750	20128295	8
3434750	27552742	8
3434750	450957	8
3434750	7800201	8
3434750	18985287	8
3434750	373930	10
3434750	32917	10
3434750	52549	2
3434750	52371	7
3434750	27410694	10
3434750	8841385	10
3434750	90451	10
3434750	130495	8
3434750	30680	10
3434750	15766	7
3434750	142056	9
3434750	14995351	10
3434750	9288	10
3434750	41536	7
3434750	18313	7
3434750	10683	8
3434750	864	8
3434750	18951490	7
3434750	3921	9
3434750	19001	10
3434750	21405519	9
3434750	18998781	10
5405	69058	3
5405	161085	8
5405	7175	8
5405	23306833	7
5405	214577	7
5405	18603746	8
5405	27643	8
5405	30511729	10
5405	372983	10
5405	50819	7
5405	57648	8
5405	30107	8
5405	400821	7
5405	66958	9
5405	5760	10
5405	54422	8
5405	19527	10
5405	44534	9
5405	151210	10
5405	213059	10
5405	23239	8
5405	153223	10
5405	23244	9
5405	8133	7
5405	30988	8
5405	31156	9
5405	3614167	8
5405	261145	6
5405	44664	7
5405	217487	10
5405	5320550	10
5405	171752	8
5405	50821	8
5405	13404	9
5405	19068	8
5405	23237	8
5405	312266	7
5405	66890	8
5405	19284336	8
5405	83373	8
5405	1372161	10
5405	2249026	3
5405	277914	10
5405	353811	7
5405	21785	8
5405	24292133	8
5405	23242	9
5405	354666	9
5405	2786140	10
5405	1981818	8
5405	21791	8
5405	407843	8
5405	72595	8
5405	72296	8
5405	23868363	8
5405	196741	8
5405	5820	8
5405	30365	9
5405	3267529	7
5405	20928385	8
5405	10568	10
5405	21556371	9
5405	30690	9
5405	235082	8
3607937	16854	10
3607937	23774031	9
3607937	37420	8
3607937	6916	7
3607937	433501	10
3607937	126630	10
3607937	360278	10
3607937	13806	9
3607937	43281	7
3607937	1769150	5
3607937	9557670	7
3607937	31987434	9
3607937	19111	9
3607937	534791	8
3607937	56706	8
3607937	361120	8
3607937	18812122	7
3607937	22131	7
3607937	19110	9
3607937	12705711	9
3607937	6037917	7
3607937	461990	9
3607937	763421	6
3607937	711211	8
3607937	19112	9
3607937	1138849	8
3607937	19114	10
3607937	549059	9
3607937	247845	7
3607937	105963	8
3607937	3479387	7
3607937	1703938	7
3607937	285974	8
3607937	1838876	9
3607937	7452129	9
3607937	20496936	8
3607937	241821	7
3607937	843440	7
76972	22235683	7
76972	8752	8
76972	182113	9
76972	5166	10
76972	8227	10
76972	236323	10
76972	14633725	6
76972	54327	10
76972	18617690	7
76972	12741	6
76972	12118	7
76972	8032	10
76972	70374	8
76972	25187361	9
76972	5649	5
76972	275811	7
76972	2522192	10
76972	17238607	7
76972	8035	8
76972	18362	10
76972	1493565	10
76972	21242	5
76972	754028	9
76972	21057829	7
76972	10454397	8
76972	8037	9
76972	24571151	8
76972	194884	9
76972	8033	7
76972	3378533	7
76972	283808	8
76972	75806	3
76972	13550	10
76972	191871	7
76972	301064	7
76972	291324	7
76972	3165026	9
76972	1056476	8
76972	20929351	8
76972	374100	7
76972	20500751	7
76972	1012230	6
76972	879412	6
76972	22773211	7
76972	535840	7
76972	201834	7
76972	548819	7
21241	43598	9
21241	5034069	9
21241	22309	9
21241	21704	10
21241	261460	6
21241	11507473	5
21241	64149	10
21241	56140	8
21241	1713536	8
21241	57612	7
21241	1146289	8
21241	718	8
21241	300659	9
21241	57614	8
21241	113379	7
21241	220458	7
21241	57620	7
21241	757750	7
21241	5588343	9
21241	21765199	8
21241	56494	8
21241	37472	8
21241	57615	9
21241	4699587	6
21241	53912	7
21241	18216440	6
21241	3037898	9
21241	31077551	9
21241	4599312	5
21241	1727767	8
21241	2140531	7
21241	57616	9
21241	13244959	8
21241	6017993	8
21241	159610	9
47737	11921	9
47737	66080	8
47737	9262	8
47737	1684855	10
47737	5215	10
47737	247292	7
47737	1702752	10
47737	447621	8
47737	21216	7
47737	3434750	8
47737	2087269	8
47737	17857588	5
47737	29008818	3
47737	150259	3
47737	460253	5
47737	28191	5
47737	18955999	7
47737	13065408	8
47737	1033455	7
47737	839916	7
47737	519156	6
47737	1617143	8
47737	119049	6
47737	17022604	8
47737	29789	7
47737	3447769	3
47737	29229	8
47737	721273	8
47737	27544070	7
47737	4118106	10
47737	18637401	6
47737	33124920	7
47737	20886051	5
47737	1433606	9
47737	1538321	9
47737	262540	8
47737	4299667	5
47737	10536563	6
47737	1588384	7
47737	1588377	7
54253	583117	8
54253	61829	5
54253	419369	6
54253	89908	6
54253	5042862	8
54253	19006	6
54253	14533	8
54253	24447	8
54253	521555	8
54253	1980402	9
54253	295579	6
54253	2364557	4
54253	332781	4
54253	3386	4
54253	3080	7
54253	19159508	6
54253	29678	8
54253	436251	7
54253	44653	5
54253	29323	6
54253	21894281	5
54253	26191	5
54253	148545	8
54253	19334	9
54253	5635	6
54253	4290	7
54253	255219	9
54253	2798456	7
54253	496354	7
54253	3395	4
54253	3510045	3
54253	78165	3
54253	7977764	3
54253	44723	9
54253	12737	9
54253	73664	9
54253	39316	9
2421391	48251	8
2421391	31516	8
2421391	57658	10
2421391	371313	10
2421391	9521078	8
2421391	59541	10
2421391	4290	7
2421391	13543	7
2421391	27698	6
2421391	42389	10
2421391	477241	10
2421391	69004	7
2421391	69007	7
2421391	69000	8
2421391	1594423	6
2421391	3110746	10
2421391	627	7
2421391	53912	5
2421391	1312867	6
2421391	24699408	10
2421391	690038	8
2421391	2955933	7
2421391	69003	10
2421391	28887828	8
2421391	21332641	8
2421391	230914	10
2421391	1330489	7
2421391	36979	7
2421391	80169	5
2421391	2007	8
2421391	2638487	8
2421391	25675557	7
2421391	4205554	7
2421391	2638458	6
2421391	26503411	8
2421391	24475	6
2421391	24474	6
2421391	15995094	8
2421391	2431781	8
45728	82425	9
45728	7182741	8
45728	18940	7
45728	36968	7
45728	67922	7
45728	528919	7
45728	170809	7
45728	9940234	7
45728	151496	10
45728	13467	9
45728	11867	8
45728	2480627	10
45728	360101	9
45728	26437	6
45728	14907122	0
45728	61950	5
45728	15573	4
45728	705569	10
45728	7692955	10
45728	20609697	8
45728	14533	4
45728	63394	7
45728	51258	7
45728	37402	7
45728	14299	7
45728	19009244	8
45728	36969	8
45728	303026	8
45728	17171	5
45728	479805	10
45728	910944	10
45728	299395	10
8282374	624139	10
8282374	130312	9
8282374	4039286	7
8282374	66577	9
8282374	19009110	9
8282374	239720	9
8282374	4652664	9
8282374	62529	6
8282374	449682	9
8282374	11878	4
8282374	899880	4
8282374	15440316	8
8282374	206018	8
8282374	2614843	9
8282374	166010	8
8282374	449744	8
8282374	13654	6
8282374	23070	7
8282374	41822	7
8282374	7783	7
8282374	50482	8
8282374	2431323	8
8282374	53744	7
8282374	68041	0
8282374	449669	4
8282374	762093	6
8282374	3266469	7
8282374	523213	6
8282374	10121426	7
8282374	29187801	10
8282374	58921	9
29969	435223	10
29969	803941	10
29969	262676	10
29969	66719	7
29969	3434750	3
29969	2197157	9
29969	24542769	8
29969	900697	6
29969	19337173	10
29969	1828867	9
29969	4115	5
29969	509020	8
29969	14533	6
29969	32927	2
29969	214968	10
29969	8796211	10
29969	971803	10
29969	1014	4
29969	5042862	6
29969	10143051	9
29969	929761	10
29969	604727	7
29969	64085	6
29969	32623	6
29969	61983	7
29969	19178965	4
29969	418087	10
29969	31128	7
29969	62996	7
29969	155650	4
29969	57572	7
29969	25439732	7
21148	18949613	6
21148	21332	6
21148	690	6
21148	13288	10
21148	57161	7
21148	28687	7
21148	844	10
21148	19985174	10
21148	1656551	10
21148	579223	9
21148	48065	8
21148	80216	8
21148	128608	7
21148	43490	9
21148	19595060	9
21148	11749910	7
21148	13289	8
21148	241517	7
21148	1283751	8
21148	5416	6
21148	203464	6
21148	23476997	7
21148	14579	6
21148	21685	5
21148	8210131	5
21148	42737	5
21148	8769	5
21148	17976176	7
21148	26049	9
21148	4170	7
21148	21133	5
21148	31066463	5
21148	9317	5
21148	19280734	7
21148	56975	7
21148	25845	6
21148	57157	6
21148	24050513	6
21148	166931	8
21148	69398	7
21148	48173	8
21148	59760	8
21148	240220	7
21148	150133	8
21148	23550	8
21148	59761	7
21148	57951	7
21148	6060518	7
21148	57680	8
21148	43311	8
21148	4075427	7
21148	32603	9
21148	20127	8
21148	50478	5
21148	15678664	9
21148	28758815	8
